32 32
000000 000000 000000 000000 000000 000000 000000 000000 000000 000000 000000 000000 000000 000000 000000 000000 000000 000000 000000 000000 000000 000000 000000 000000 000000 000000 000000 000000 000000 000000 000000 000000
000000 000000 000000 000000 000000 000000 000000 000000 000000 000000 000000 000000 000000 000000 000000 000000 000000 000000 000000 000000 000000 000000 000000 000000 000000 000000 000000 000000 000000 000000 000000 000000
000000 000000 000000 000000 000000 000000 000000 000000 000000 000000 000000 000000 000000 000000 000000 000000 000000 000000 000000 000000 000000 000000 000000 000000 000000 000000 000000 000000 000000 000000 000000 000000
000000 000000 000000 000000 000000 000000 000000 000000 000000 000000 000000 000000 000000 000000 000000 000000 000000 000000 000000 000000 000000 000000 000000 000000 000000 000000 000000 000000 000000 000000 000000 000000
000000 000000 000000 000000 000000 000000 000000 000000 000000 000000 000000 000000 000000 000000 000000 000000 000000 000000 000000 000000 000000 000000 000000 000000 000000 000000 000000 000000 000000 000000 000000 000000
000000 000000 000000 000000 000000 000000 000000 000000 000000 000000 000000 000000 000000 000000 000000 000000 000000 000000 000000 000000 000000 000000 000000 000000 000000 000000 000000 000000 000000 000000 000000 000000
000000 000000 000000 000000 000000 000000 000000 000000 000000 000000 000000 000000 000000 000000 000000 000000 000000 000000 000000 000000 000000 000000 000000 000000 000000 000000 000000 000000 000000 000000 000000 000000
000000 000000 000000 000000 000000 000000 000000 000000 000000 000000 000000 000000 000000 000000 000000 000000 000000 000000 000000 000000 000000 000000 000000 000000 000000 000000 000000 000000 000000 000000 000000 000000
000000 000000 000000 000000 000000 000000 000000 000000 FF595E FF595E FF595E FF595E FF595E FF595E FF595E FF595E FF595E FF595E FF595E FF595E FF595E FF595E FF595E FF595E 000000 000000 000000 000000 000000 000000 000000 000000
000000 000000 000000 000000 000000 000000 000000 000000 FF595E FF595E FF595E FF595E FF595E FF595E FF595E FF595E FF595E FF595E FF595E FF595E FF595E FF595E FF595E FF595E 000000 000000 000000 000000 000000 000000 000000 000000
000000 000000 000000 000000 000000 000000 000000 000000 FF595E FF595E FF595E FF595E FF595E FF595E FF595E FF595E FF595E FF595E FF595E FF595E FF595E FF595E FF595E FF595E 000000 000000 000000 000000 000000 000000 000000 000000
000000 000000 000000 000000 000000 000000 000000 000000 FF595E FF595E FF595E FF595E FF595E FF595E FF595E FF595E FF595E FF595E FF595E FF595E FF595E FF595E FF595E FF595E 000000 000000 000000 000000 000000 000000 000000 000000
000000 000000 000000 000000 000000 000000 000000 000000 FF595E FF595E FF595E FF595E FF595E FF595E FF595E FF595E FF595E FF595E FF595E FF595E FF595E FF595E FF595E FF595E 000000 000000 000000 000000 000000 000000 000000 000000
000000 000000 000000 000000 000000 000000 000000 000000 FF595E FF595E FF595E FF595E FF595E FF595E FF595E FF595E FF595E FF595E FF595E FF595E FF595E FF595E FF595E FF595E 000000 000000 000000 000000 000000 000000 000000 000000
000000 000000 000000 000000 000000 000000 000000 000000 FF595E FF595E FF595E FF595E FF595E FF595E FF595E FF595E FF595E FF595E FF595E FF595E FF595E FF595E FF595E FF595E 000000 000000 000000 000000 000000 000000 000000 000000
000000 000000 000000 000000 000000 000000 000000 000000 FF595E FF595E FF595E FF595E FF595E FF595E FF595E FF595E FF595E FF595E FF595E FF595E FF595E FF595E FF595E FF595E 000000 000000 000000 000000 000000 000000 000000 000000
000000 000000 000000 000000 000000 000000 000000 000000 8AC926 8AC926 8AC926 8AC926 8AC926 8AC926 8AC926 8AC926 8AC926 8AC926 8AC926 8AC926 8AC926 8AC926 8AC926 8AC926 000000 000000 000000 000000 000000 000000 000000 000000
000000 000000 000000 000000 000000 000000 000000 000000 8AC926 8AC926 8AC926 8AC926 8AC926 8AC926 8AC926 8AC926 8AC926 8AC926 8AC926 8AC926 8AC926 8AC926 8AC926 8AC926 000000 000000 000000 000000 000000 000000 000000 000000
000000 000000 000000 000000 000000 000000 000000 000000 8AC926 8AC926 8AC926 8AC926 8AC926 8AC926 8AC926 8AC926 8AC926 8AC926 8AC926 8AC926 8AC926 8AC926 8AC926 8AC926 000000 000000 000000 000000 000000 000000 000000 000000
000000 000000 000000 000000 000000 000000 000000 000000 8AC926 8AC926 8AC926 8AC926 8AC926 8AC926 8AC926 8AC926 8AC926 8AC926 8AC926 8AC926 8AC926 8AC926 8AC926 8AC926 000000 000000 000000 000000 000000 000000 000000 000000
000000 000000 000000 000000 000000 000000 000000 000000 8AC926 8AC926 8AC926 8AC926 8AC926 8AC926 8AC926 8AC926 8AC926 8AC926 8AC926 8AC926 8AC926 8AC926 8AC926 8AC926 000000 000000 000000 000000 000000 000000 000000 000000
000000 000000 000000 000000 000000 000000 000000 000000 8AC926 8AC926 8AC926 8AC926 8AC926 8AC926 8AC926 8AC926 8AC926 8AC926 8AC926 8AC926 8AC926 8AC926 8AC926 8AC926 000000 000000 000000 000000 000000 000000 000000 000000
000000 000000 000000 000000 000000 000000 000000 000000 8AC926 8AC926 8AC926 8AC926 8AC926 8AC926 8AC926 8AC926 8AC926 8AC926 8AC926 8AC926 8AC926 8AC926 8AC926 8AC926 000000 000000 000000 000000 000000 000000 000000 000000
000000 000000 000000 000000 000000 000000 000000 000000 8AC926 8AC926 8AC926 8AC926 8AC926 8AC926 8AC926 8AC926 8AC926 8AC926 8AC926 8AC926 8AC926 8AC926 8AC926 8AC926 000000 000000 000000 000000 000000 000000 000000 000000
000000 000000 000000 000000 000000 000000 000000 000000 000000 000000 000000 000000 000000 000000 000000 000000 000000 000000 000000 000000 000000 000000 000000 000000 000000 000000 000000 000000 000000 000000 000000 000000
000000 000000 000000 000000 000000 000000 000000 000000 000000 000000 000000 000000 000000 000000 000000 000000 000000 000000 000000 000000 000000 000000 000000 000000 000000 000000 000000 000000 000000 000000 000000 000000
000000 000000 000000 000000 000000 000000 000000 000000 000000 000000 000000 000000 000000 000000 000000 000000 000000 000000 000000 000000 000000 000000 000000 000000 000000 000000 000000 000000 000000 000000 000000 000000
000000 000000 000000 000000 000000 000000 000000 000000 000000 000000 000000 000000 000000 000000 000000 000000 000000 000000 000000 000000 000000 000000 000000 000000 000000 000000 000000 000000 000000 000000 000000 000000
000000 000000 000000 000000 000000 000000 000000 000000 000000 000000 000000 000000 000000 000000 000000 000000 000000 000000 000000 000000 000000 000000 000000 000000 000000 000000 000000 000000 000000 000000 000000 000000
000000 000000 000000 000000 000000 000000 000000 000000 000000 000000 000000 000000 000000 000000 000000 000000 000000 000000 000000 000000 000000 000000 000000 000000 000000 000000 000000 000000 000000 000000 000000 000000
000000 000000 000000 000000 000000 000000 000000 000000 000000 000000 000000 000000 000000 000000 000000 000000 000000 000000 000000 000000 000000 000000 000000 000000 000000 000000 000000 000000 000000 000000 000000 000000
000000 000000 000000 000000 000000 000000 000000 000000 000000 000000 000000 000000 000000 000000 000000 000000 000000 000000 000000 000000 000000 000000 000000 000000 000000 000000 000000 000000 000000 000000 000000 000000