49 99.72
8-8/f3c305,0,0,0
8-8/f3c305,0,8,0
1-1/f3c305,0,0,8
1-1/f3c305,0,1,8
1-1/3592c3,0,0,9
1-1/dab000,0,1,9
2-2/f3c305,0,2,8
2-2/3592c3,0,0,10
1-1/dab000,0,2,10
1-1/f3c305,0,3,10
1-1/3592c3,0,2,11
1-1/bb771b,0,3,11
4-4/f3c305,0,4,8
4-4/3592c3,0,0,12
1-1/b46a00,0,4,12
1-1/dab000,0,5,12
1-1/3592c3,0,4,13
1-1/3592c3,0,5,13
1-1/dab000,0,6,12
1-1/dab000,0,7,12
1-1/ee5434,0,6,13
1-1/ee5434,0,7,13
2-2/3592c3,0,4,14
1-1/3592c3,0,6,14
1-1/ee5434,0,7,14
1-1/3592c3,0,6,15
1-1/3592c3,0,7,15
4-4/f3c305,0,8,8
2-2/dab000,0,12,8
2-2/3cb371,0,14,8
1-1/dab000,0,12,10
1-1/3cb371,0,13,10
1-1/3cb371,0,12,11
1-1/3cb371,0,13,11
2-2/3cb371,0,14,10
1-1/dab000,0,8,12
1-1/dab000,0,9,12
1-1/ee5434,0,8,13
1-1/ee5434,0,9,13
1-1/dab000,0,10,12
1-1/3cb371,0,11,12
1-1/872b17,0,10,13
1-1/3cb371,0,11,13
1-1/ee5434,0,8,14
1-1/b52c20,0,9,14
1-1/ce3021,0,8,15
1-1/3cb371,0,9,15
2-2/3cb371,0,10,14
4-4/3cb371,0,12,12
