901 99.61
16-16/0d4763,0,0,0
16-16/354e5a,0,16,0
16-16/467083,0,0,16
8-8/354e5a,0,16,16
4-4/354e5a,0,24,16
2-2/0d4763,0,28,16
1-1/3e3c39,0,30,16
1-1/1b2a34,0,31,16
1-1/4d4c52,0,30,17
1-1/05131d,0,31,17
2-2/354e5a,0,28,18
1-1/05131d,0,30,18
1-1/635f52,0,31,18
1-1/6d6e5c,0,30,19
1-1/352100,0,31,19
4-4/354e5a,0,24,20
1-1/354e5a,0,28,20
1-1/5f7d8c,0,29,20
1-1/354e5a,0,28,21
1-1/d4d5c9,0,29,21
1-1/4d4c52,0,30,20
1-1/1b2a34,0,31,20
1-1/1b2a34,0,30,21
1-1/6d6e5c,0,31,21
1-1/354e5a,0,28,22
1-1/dec69c,0,29,22
1-1/354e5a,0,28,23
1-1/6d6e5c,0,29,23
1-1/1b2a34,0,30,22
1-1/05131d,0,31,22
1-1/595d60,0,30,23
1-1/1b2a34,0,31,23
8-8/467083,0,16,24
4-4/467083,0,24,24
1-1/467083,0,28,24
1-1/1b2a34,0,29,24
1-1/467083,0,28,25
1-1/737271,0,29,25
1-1/616161,0,30,24
1-1/4d4c52,0,31,24
1-1/898788,0,30,25
1-1/cdc298,0,31,25
1-1/467083,0,28,26
1-1/1b2a34,0,29,26
1-1/d4d5c9,0,28,27
1-1/1b2a34,0,29,27
2-2/898788,0,30,26
2-2/467083,0,24,28
2-2/467083,0,26,28
2-2/467083,0,24,30
1-1/467083,0,26,30
1-1/467083,0,27,30
1-1/467083,0,26,31
1-1/e4cd9e,0,27,31
1-1/cdc298,0,28,28
1-1/354e5a,0,29,28
1-1/05131d,0,28,29
1-1/645a4c,0,29,29
1-1/354e5a,0,30,28
1-1/cdc298,0,31,28
1-1/467083,0,30,29
1-1/352100,0,31,29
1-1/3e3c39,0,28,30
1-1/6c6e68,0,29,30
1-1/7988a1,0,28,31
1-1/05131d,0,29,31
1-1/898788,0,30,30
1-1/6d6e5c,0,31,30
1-1/3e3c39,0,30,31
1-1/05131d,0,31,31
16-16/354e5a,0,32,0
16-16/0d4763,0,48,0
1-1/3e3c39,0,32,16
1-1/3e3c39,0,33,16
1-1/645a4c,0,32,17
1-1/1b2a34,0,33,17
2-2/354e5a,0,34,16
1-1/898788,0,32,18
1-1/0a1327,0,33,18
1-1/3e3c39,0,32,19
1-1/737271,0,33,19
2-2/354e5a,0,34,18
4-4/0d4763,0,36,16
1-1/645a4c,0,32,20
1-1/645a4c,0,33,20
1-1/6d6e5c,0,32,21
1-1/1b2a34,0,33,21
1-1/d4d5c9,0,34,20
1-1/354e5a,0,35,20
1-1/cdc298,0,34,21
1-1/354e5a,0,35,21
1-1/05131d,0,32,22
1-1/6d6e5c,0,33,22
1-1/57392c,0,32,23
1-1/3e3c39,0,33,23
1-1/f6d7b3,0,34,22
1-1/354e5a,0,35,22
1-1/05131d,0,34,23
1-1/354e5a,0,35,23
4-4/354e5a,0,36,20
8-8/354e5a,0,40,16
1-1/3e3c39,0,32,24
1-1/6c6e68,0,33,24
1-1/cdc298,0,32,25
1-1/898788,0,33,25
1-1/737271,0,34,24
1-1/467083,0,35,24
1-1/958a73,0,34,25
1-1/467083,0,35,25
1-1/cdc298,0,32,26
1-1/9c9c9c,0,33,26
1-1/645a4c,0,32,27
1-1/898788,0,33,27
1-1/1b2a34,0,34,26
1-1/3f3691,0,35,26
1-1/3e3c39,0,34,27
1-1/dec69c,0,35,27
4-4/467083,0,36,24
1-1/9c9c9c,0,32,28
1-1/898788,0,33,28
1-1/3e3c39,0,32,29
1-1/467083,0,33,29
1-1/595d60,0,34,28
1-1/dec69c,0,35,28
1-1/9c9c9c,0,34,29
1-1/05131d,0,35,29
1-1/907450,0,32,30
1-1/6d6e5c,0,33,30
1-1/05131d,0,32,31
1-1/5c5030,0,33,31
1-1/595d60,0,34,30
1-1/352100,0,35,30
1-1/595d60,0,34,31
1-1/737271,0,35,31
2-2/467083,0,36,28
2-2/467083,0,38,28
1-1/467083,0,36,30
1-1/467083,0,37,30
1-1/e4cd9e,0,36,31
1-1/467083,0,37,31
2-2/467083,0,38,30
8-8/467083,0,40,24
16-16/467083,0,48,16
8-8/5b98b3,0,0,32
8-8/5b98b3,0,8,32
4-4/6c96bf,0,0,40
4-4/6c96bf,0,4,40
2-2/7396c8,0,0,44
2-2/7396c8,0,2,44
1-1/6e8aa6,0,0,46
1-1/9195ca,0,1,46
1-1/6a7944,0,0,47
1-1/352100,0,1,47
1-1/7396c8,0,2,46
1-1/9195ca,0,3,46
1-1/7c9051,0,2,47
1-1/5d5c36,0,3,47
4-4/7396c8,0,4,44
8-8/7396c8,0,8,40
8-8/6074a1,0,16,32
1-1/467083,0,24,32
1-1/467083,0,25,32
1-1/467083,0,24,33
1-1/3e3c39,0,25,33
1-1/467083,0,26,32
1-1/05131d,0,27,32
1-1/05131d,0,26,33
1-1/1b2a34,0,27,33
1-1/6074a1,0,24,34
1-1/0a1327,0,25,34
1-1/6074a1,0,24,35
1-1/6074a1,0,25,35
1-1/dec69c,0,26,34
1-1/05131d,0,27,34
1-1/cdc298,0,26,35
1-1/bdc6ad,0,27,35
2-2/0a1327,0,28,32
1-1/d4d5c9,0,30,32
1-1/737271,0,31,32
1-1/05131d,0,30,33
1-1/05131d,0,31,33
1-1/05131d,0,28,34
1-1/9c9c9c,0,29,34
1-1/b4a774,0,28,35
1-1/cdc298,0,29,35
1-1/05131d,0,30,34
1-1/05131d,0,31,34
1-1/b4a774,0,30,35
1-1/352100,0,31,35
1-1/6074a1,0,24,36
1-1/635f52,0,25,36
1-1/5f7d8c,0,24,37
1-1/3e3c39,0,25,37
1-1/5e3f33,0,26,36
1-1/05131d,0,27,36
1-1/05131d,0,26,37
1-1/1b2a34,0,27,37
1-1/4d4c52,0,24,38
1-1/7988a1,0,25,38
1-1/737271,0,24,39
1-1/5c5030,0,25,39
1-1/cdc298,0,26,38
1-1/3e3c39,0,27,38
1-1/6d6e5c,0,26,39
1-1/3e3c39,0,27,39
1-1/05131d,0,28,36
1-1/05131d,0,29,36
1-1/5c5030,0,28,37
1-1/05131d,0,29,37
1-1/0a1327,0,30,36
1-1/737271,0,31,36
1-1/05131d,0,30,37
1-1/05131d,0,31,37
1-1/dcbc81,0,28,38
1-1/0a1327,0,29,38
1-1/6d6e5c,0,28,39
1-1/7396c8,0,29,39
2-2/5b98b3,0,30,38
2-2/6c96bf,0,16,40
2-2/6c96bf,0,18,40
2-2/6c96bf,0,16,42
1-1/6c96bf,0,18,42
1-1/05131d,0,19,42
1-1/6c96bf,0,18,43
1-1/1b2a34,0,19,43
2-2/5b98b3,0,20,40
1-1/5b98b3,0,22,40
1-1/b4a774,0,23,40
1-1/645a4c,0,22,41
1-1/6e8aa6,0,23,41
1-1/05131d,0,20,42
1-1/6c6e68,0,21,42
1-1/958a73,0,20,43
1-1/0a1327,0,21,43
1-1/7988a1,0,22,42
1-1/9c9c9c,0,23,42
1-1/1b2a34,0,22,43
1-1/bdc6ad,0,23,43
2-2/7396c8,0,16,44
1-1/7396c8,0,18,44
1-1/b4a774,0,19,44
1-1/abadac,0,18,45
1-1/645a4c,0,19,45
1-1/6c96bf,0,16,46
1-1/dec69c,0,17,46
1-1/737271,0,16,47
1-1/645a4c,0,17,47
1-1/3e3c39,0,18,46
1-1/5e3f33,0,19,46
1-1/b4a774,0,18,47
1-1/6d6e5c,0,19,47
1-1/b4a774,0,20,44
1-1/b4a774,0,21,44
1-1/958a73,0,20,45
1-1/57392c,0,21,45
1-1/b4a774,0,22,44
1-1/958a73,0,23,44
1-1/cdc298,0,22,45
1-1/755945,0,23,45
1-1/05131d,0,20,46
1-1/645a4c,0,21,46
1-1/5c5030,0,20,47
1-1/b4a774,0,21,47
1-1/cdc298,0,22,46
1-1/352100,0,23,46
1-1/764d3b,0,22,47
1-1/b4a774,0,23,47
1-1/5f7d8c,0,24,40
1-1/898788,0,25,40
1-1/737271,0,24,41
1-1/3e3c39,0,25,41
1-1/05131d,0,26,40
1-1/dec69c,0,27,40
1-1/5c5030,0,26,41
1-1/6d6e5c,0,27,41
2-2/1b2a34,0,24,42
2-2/05131d,0,26,42
1-1/1b2a34,0,28,40
1-1/5b98b3,0,29,40
1-1/3e3c39,0,28,41
1-1/6c96bf,0,29,41
2-2/5b98b3,0,30,40
1-1/9ca3a8,0,28,42
1-1/6e8aa6,0,29,42
1-1/352100,0,28,43
1-1/352100,0,29,43
1-1/737271,0,30,42
1-1/6e8aa6,0,31,42
1-1/9c9c9c,0,30,43
1-1/05131d,0,31,43
1-1/958a73,0,24,44
1-1/6d6e5c,0,25,44
1-1/05131d,0,24,45
1-1/cdc298,0,25,45
1-1/6d6e5c,0,26,44
1-1/737271,0,27,44
1-1/05131d,0,26,45
1-1/05131d,0,27,45
1-1/4d4c52,0,24,46
1-1/b4a774,0,25,46
1-1/755945,0,24,47
1-1/0a1327,0,25,47
1-1/907450,0,26,46
1-1/d4d5c9,0,27,46
1-1/05131d,0,26,47
1-1/05131d,0,27,47
1-1/958a73,0,28,44
1-1/958a73,0,29,44
1-1/958a73,0,28,45
1-1/05131d,0,29,45
1-1/958a73,0,30,44
1-1/737271,0,31,44
1-1/e4cd9e,0,30,45
1-1/582a12,0,31,45
1-1/958a73,0,28,46
1-1/b4a774,0,29,46
1-1/575857,0,28,47
1-1/1b2a34,0,29,47
1-1/cdc298,0,30,46
1-1/b4a774,0,31,46
1-1/645a4c,0,30,47
1-1/6c6e68,0,31,47
1-1/05131d,0,0,48
1-1/1b2a34,0,1,48
1-1/5d5c36,0,0,49
1-1/1b2a34,0,1,49
1-1/05131d,0,2,48
1-1/1e601e,0,3,48
1-1/5d5c36,0,2,49
1-1/1b2a34,0,3,49
1-1/05131d,0,0,50
1-1/5d5c36,0,1,50
1-1/1e601e,0,0,51
1-1/5d5c36,0,1,51
2-2/5d5c36,0,2,50
1-1/05131d,0,4,48
1-1/5c5030,0,5,48
1-1/05131d,0,4,49
1-1/352100,0,5,49
1-1/3e3c39,0,6,48
1-1/1e601e,0,7,48
1-1/05131d,0,6,49
1-1/5d5c36,0,7,49
1-1/3e3c39,0,4,50
1-1/05131d,0,5,50
1-1/583927,0,4,51
1-1/5d5c36,0,5,51
1-1/05131d,0,6,50
1-1/1b2a34,0,7,50
1-1/6a7944,0,6,51
1-1/05131d,0,7,51
2-2/352100,0,0,52
2-2/1b2a34,0,2,52
2-2/5c5030,0,0,54
1-1/3e3c39,0,2,54
1-1/635f52,0,3,54
1-1/1b2a34,0,2,55
1-1/3e3c39,0,3,55
2-2/05131d,0,4,52
1-1/3e3c39,0,6,52
1-1/6a7944,0,7,52
1-1/3e3c39,0,6,53
1-1/5c5030,0,7,53
1-1/352100,0,4,54
1-1/958a73,0,5,54
1-1/7c9051,0,4,55
1-1/7c9051,0,5,55
1-1/f9f1c7,0,6,54
1-1/1b2a34,0,7,54
1-1/899b5f,0,6,55
1-1/7c9051,0,7,55
1-1/5d5c36,0,8,48
1-1/898788,0,9,48
1-1/5d5c36,0,8,49
1-1/5c5030,0,9,49
1-1/9195ca,0,10,48
1-1/9195ca,0,11,48
1-1/5c5030,0,10,49
1-1/7c9051,0,11,49
2-2/1e601e,0,8,50
1-1/5c5030,0,10,50
1-1/05131d,0,11,50
1-1/5d5c36,0,10,51
1-1/5d5c36,0,11,51
1-1/9195ca,0,12,48
1-1/9195ca,0,13,48
1-1/9ba19d,0,12,49
1-1/cdc298,0,13,49
1-1/cdc298,0,14,48
1-1/6c6e68,0,15,48
1-1/6c6e68,0,14,49
1-1/958a73,0,15,49
2-2/352100,0,12,50
1-1/6a7944,0,14,50
1-1/5d5c36,0,15,50
1-1/1e601e,0,14,51
1-1/352100,0,15,51
1-1/6a7944,0,8,52
1-1/5c5030,0,9,52
1-1/3e3c39,0,8,53
1-1/cdc298,0,9,53
2-2/5d5c36,0,10,52
1-1/1b2a34,0,8,54
1-1/1b2a34,0,9,54
1-1/7c9051,0,8,55
1-1/7c9051,0,9,55
1-1/1b2a34,0,10,54
1-1/5c5030,0,11,54
1-1/899b5f,0,10,55
1-1/7c9051,0,11,55
1-1/5c5030,0,12,52
1-1/7c9051,0,13,52
1-1/6a7944,0,12,53
1-1/5d5c36,0,13,53
2-2/6a7944,0,14,52
1-1/6a7944,0,12,54
1-1/f2f3f2,0,13,54
1-1/7c9051,0,12,55
1-1/879867,0,13,55
1-1/764d3b,0,14,54
1-1/583927,0,15,54
1-1/b4a774,0,14,55
1-1/7c9051,0,15,55
8-8/7c9051,0,0,56
8-8/7c9051,0,8,56
2-2/958a73,0,16,48
1-1/354e5a,0,18,48
1-1/3e3c39,0,19,48
1-1/6d6e5c,0,18,49
1-1/cdc298,0,19,49
2-2/5d5c36,0,16,50
1-1/b4a774,0,18,50
1-1/907450,0,19,50
1-1/958a73,0,18,51
1-1/352100,0,19,51
1-1/cdc298,0,20,48
1-1/cdc298,0,21,48
1-1/352100,0,20,49
1-1/354e5a,0,21,49
2-2/05131d,0,22,48
1-1/05131d,0,20,50
1-1/6c6e68,0,21,50
1-1/5c5030,0,20,51
1-1/3e3c39,0,21,51
1-1/3e3c39,0,22,50
1-1/adc3c0,0,23,50
1-1/3e3c39,0,22,51
1-1/3e3c39,0,23,51
2-2/5c5030,0,16,52
1-1/05131d,0,18,52
1-1/05131d,0,19,52
1-1/5d5c36,0,18,53
1-1/4d4c52,0,19,53
1-1/3e3c39,0,16,54
1-1/d4d5c9,0,17,54
1-1/7c9051,0,16,55
1-1/7c9051,0,17,55
1-1/f3c988,0,18,54
1-1/958a73,0,19,54
1-1/7c9051,0,18,55
1-1/7c9051,0,19,55
1-1/1b2a34,0,20,52
1-1/05131d,0,21,52
1-1/354e5a,0,20,53
1-1/595d60,0,21,53
1-1/05131d,0,22,52
1-1/3e3c39,0,23,52
1-1/5f7d8c,0,22,53
1-1/5f7d8c,0,23,53
1-1/f45c40,0,20,54
1-1/05131d,0,21,54
1-1/7c9051,0,20,55
1-1/7c9051,0,21,55
1-1/4d4c52,0,22,54
1-1/1e601e,0,23,54
1-1/7c9051,0,22,55
1-1/7c9051,0,23,55
1-1/57392c,0,24,48
1-1/898788,0,25,48
1-1/9c9c9c,0,24,49
1-1/9ca3a8,0,25,49
1-1/3e3c39,0,26,48
1-1/05131d,0,27,48
1-1/a5adb4,0,26,49
1-1/a5adb4,0,27,49
1-1/9ca3a8,0,24,50
1-1/a5adb4,0,25,50
1-1/f9f1c7,0,24,51
1-1/4d4c52,0,25,51
1-1/bdc6ad,0,26,50
1-1/bdc6ad,0,27,50
1-1/d4d5c9,0,26,51
1-1/958a73,0,27,51
1-1/05131d,0,28,48
1-1/9ca3a8,0,29,48
1-1/a5adb4,0,28,49
1-1/9ca3a8,0,29,49
2-2/9ca3a8,0,30,48
1-1/a5adb4,0,28,50
1-1/a5adb4,0,29,50
1-1/dec69c,0,28,51
1-1/9ca3a8,0,29,51
2-2/9ca3a8,0,30,50
1-1/7c9051,0,24,52
1-1/d4d5c9,0,25,52
1-1/dec69c,0,24,53
1-1/b4a774,0,25,53
1-1/abadac,0,26,52
1-1/cdc298,0,27,52
1-1/3e3c39,0,26,53
1-1/958a73,0,27,53
1-1/5c5030,0,24,54
1-1/abadac,0,25,54
1-1/7c9051,0,24,55
1-1/6a7944,0,25,55
1-1/958a73,0,26,54
1-1/6c6e68,0,27,54
1-1/645a4c,0,26,55
1-1/5c5030,0,27,55
1-1/bdc6ad,0,28,52
1-1/958a73,0,29,52
1-1/bdc6ad,0,28,53
1-1/abadac,0,29,53
1-1/9ba19d,0,30,52
1-1/abadac,0,31,52
1-1/bdc6ad,0,30,53
1-1/d4d5c9,0,31,53
1-1/d4d5c9,0,28,54
1-1/898788,0,29,54
1-1/645a4c,0,28,55
1-1/645a4c,0,29,55
1-1/879867,0,30,54
1-1/737271,0,31,54
1-1/5d5c36,0,30,55
1-1/5d5c36,0,31,55
8-8/7c9051,0,16,56
8-8/7c9051,0,24,56
1-1/616161,0,32,32
1-1/d4d5c9,0,33,32
1-1/05131d,0,32,33
1-1/05131d,0,33,33
1-1/352100,0,34,32
1-1/6c6e68,0,35,32
1-1/05131d,0,34,33
1-1/05131d,0,35,33
1-1/05131d,0,32,34
1-1/05131d,0,33,34
1-1/958a73,0,32,35
1-1/958a73,0,33,35
1-1/635f52,0,34,34
1-1/05131d,0,35,34
1-1/cdc298,0,34,35
1-1/958a73,0,35,35
1-1/3e3c39,0,36,32
1-1/467083,0,37,32
1-1/1b2a34,0,36,33
1-1/05131d,0,37,33
1-1/467083,0,38,32
1-1/467083,0,39,32
1-1/cdc298,0,38,33
1-1/467083,0,39,33
1-1/1b2a34,0,36,34
1-1/cdc298,0,37,34
1-1/958a73,0,36,35
1-1/cdc298,0,37,35
1-1/1b2a34,0,38,34
1-1/467083,0,39,34
1-1/6074a1,0,38,35
1-1/6074a1,0,39,35
1-1/898788,0,32,36
1-1/1b2a34,0,33,36
1-1/05131d,0,32,37
1-1/05131d,0,33,37
1-1/1b2a34,0,34,36
1-1/3e3c39,0,35,36
1-1/05131d,0,34,37
1-1/6d6e5c,0,35,37
2-2/5b98b3,0,32,38
1-1/3e3c39,0,34,38
1-1/b4a774,0,35,38
1-1/6c96bf,0,34,39
1-1/737271,0,35,39
1-1/05131d,0,36,36
1-1/6d6e5c,0,37,36
1-1/05131d,0,36,37
1-1/3e3c39,0,37,37
1-1/6b5a5a,0,38,36
1-1/6074a1,0,39,36
1-1/5c5030,0,38,37
1-1/467083,0,39,37
1-1/1b2a34,0,36,38
1-1/cdc298,0,37,38
1-1/6d6e5c,0,36,39
1-1/737271,0,37,39
1-1/1b2a34,0,38,38
1-1/737271,0,39,38
1-1/635f52,0,38,39
1-1/737271,0,39,39
8-8/6074a1,0,40,32
2-2/5b98b3,0,32,40
1-1/5b98b3,0,34,40
1-1/05131d,0,35,40
1-1/5b98b3,0,34,41
1-1/1b2a34,0,35,41
1-1/6e8aa6,0,32,42
1-1/a5a9b4,0,33,42
1-1/1b2a34,0,32,43
1-1/9c9c9c,0,33,43
1-1/6e8aa6,0,34,42
1-1/9195ca,0,35,42
1-1/0a1327,0,34,43
1-1/352100,0,35,43
1-1/cdc298,0,36,40
1-1/9195ca,0,37,40
1-1/05131d,0,36,41
1-1/9c9c9c,0,37,41
1-1/958a73,0,38,40
1-1/6d6e5c,0,39,40
1-1/1b2a34,0,38,41
1-1/6d6e5c,0,39,41
2-2/352100,0,36,42
2-2/0a1327,0,38,42
1-1/879867,0,32,44
1-1/958a73,0,33,44
1-1/5d5c36,0,32,45
1-1/b4a774,0,33,45
1-1/958a73,0,34,44
1-1/958a73,0,35,44
1-1/05131d,0,34,45
1-1/cdc298,0,35,45
1-1/b4a774,0,32,46
1-1/cdc298,0,33,46
1-1/05131d,0,32,47
1-1/05131d,0,33,47
1-1/cdc298,0,34,46
1-1/352100,0,35,46
1-1/05131d,0,34,47
1-1/05131d,0,35,47
1-1/958a73,0,36,44
1-1/737271,0,37,44
1-1/05131d,0,36,45
1-1/05131d,0,37,45
1-1/737271,0,38,44
1-1/b4a774,0,39,44
1-1/dcbc81,0,38,45
1-1/05131d,0,39,45
1-1/bdc6ad,0,36,46
1-1/5e3f33,0,37,46
1-1/05131d,0,36,47
1-1/0a1327,0,37,47
1-1/958a73,0,38,46
1-1/352100,0,39,46
1-1/05131d,0,38,47
1-1/5c5030,0,39,47
1-1/6d6e5c,0,40,40
1-1/5b98b3,0,41,40
1-1/3e3c39,0,40,41
1-1/6c6e68,0,41,41
2-2/5b98b3,0,42,40
1-1/898788,0,40,42
1-1/5f7d8c,0,41,42
1-1/9ba19d,0,40,43
1-1/0a1327,0,41,43
1-1/1b2a34,0,42,42
1-1/1b2a34,0,43,42
1-1/352100,0,42,43
1-1/645a4c,0,43,43
2-2/5b98b3,0,44,40
2-2/5b98b3,0,46,40
1-1/9c9c9c,0,44,42
1-1/6c96bf,0,45,42
1-1/1b2a34,0,44,43
1-1/6c96bf,0,45,43
2-2/6c96bf,0,46,42
2-2/b4a774,0,40,44
1-1/b4a774,0,42,44
1-1/958a73,0,43,44
1-1/645a4c,0,42,45
1-1/958a73,0,43,45
1-1/958a73,0,40,46
1-1/cdc298,0,41,46
1-1/cdc298,0,40,47
1-1/583927,0,41,47
1-1/898788,0,42,46
1-1/05131d,0,43,46
1-1/cdc298,0,42,47
1-1/4d4c52,0,43,47
1-1/907450,0,44,44
1-1/6c96bf,0,45,44
1-1/57392c,0,44,45
1-1/645a4c,0,45,45
2-2/6c96bf,0,46,44
1-1/6d6e5c,0,44,46
1-1/352100,0,45,46
1-1/635f52,0,44,47
1-1/b4a774,0,45,47
1-1/cdc298,0,46,46
1-1/6c96bf,0,47,46
1-1/645a4c,0,46,47
1-1/898788,0,47,47
8-8/6074a1,0,48,32
8-8/6074a1,0,56,32
8-8/6c96bf,0,48,40
4-4/5b98b3,0,56,40
4-4/5b98b3,0,60,40
4-4/6c96bf,0,56,44
2-2/6c96bf,0,60,44
2-2/6c96bf,0,62,44
2-2/6c96bf,0,60,46
1-1/6c96bf,0,62,46
1-1/6c96bf,0,63,46
1-1/05131d,0,62,47
1-1/5d5c36,0,63,47
2-2/9ca3a8,0,32,48
1-1/7396c8,0,34,48
1-1/05131d,0,35,48
1-1/9ca3a8,0,34,49
1-1/9ca3a8,0,35,49
2-2/9ca3a8,0,32,50
1-1/a5adb4,0,34,50
1-1/9ca3a8,0,35,50
1-1/bdc6ad,0,34,51
1-1/898788,0,35,51
1-1/05131d,0,36,48
1-1/1b2a34,0,37,48
1-1/9ca3a8,0,36,49
1-1/9ca3a8,0,37,49
1-1/737271,0,38,48
1-1/05131d,0,39,48
1-1/9ca3a8,0,38,49
1-1/9ba19d,0,39,49
1-1/958a73,0,36,50
1-1/bdc6ad,0,37,50
1-1/f9f1c7,0,36,51
1-1/1b2a34,0,37,51
1-1/9ca3a8,0,38,50
1-1/9ca3a8,0,39,50
1-1/f6d7b3,0,38,51
1-1/f9f1c7,0,39,51
1-1/bdc6ad,0,32,52
1-1/958a73,0,33,52
1-1/bdc6ad,0,32,53
1-1/898788,0,33,53
2-2/abadac,0,34,52
2-2/6d6e5c,0,32,54
1-1/737271,0,34,54
1-1/898788,0,35,54
1-1/645a4c,0,34,55
1-1/5d5c36,0,35,55
1-1/dec69c,0,36,52
1-1/e6e3da,0,37,52
1-1/e6e3da,0,36,53
1-1/9ba19d,0,37,53
1-1/d4d5c9,0,38,52
1-1/958a73,0,39,52
1-1/d4d5c9,0,38,53
1-1/5c5030,0,39,53
1-1/635f52,0,36,54
1-1/3e3c39,0,37,54
1-1/3e3c39,0,36,55
1-1/1b2a34,0,37,55
1-1/1b2a34,0,38,54
1-1/3e3c39,0,39,54
1-1/7c9051,0,38,55
1-1/7c9051,0,39,55
2-2/1b2a34,0,40,48
1-1/cdc298,0,42,48
1-1/915c3c,0,43,48
1-1/467083,0,42,49
1-1/05131d,0,43,49
1-1/adc3c0,0,40,50
1-1/05131d,0,41,50
1-1/3e3c39,0,40,51
1-1/3e3c39,0,41,51
1-1/898788,0,42,50
1-1/5f7d8c,0,43,50
1-1/b4a774,0,42,51
1-1/6a7944,0,43,51
1-1/05131d,0,44,48
1-1/3e3c39,0,45,48
1-1/aa7d55,0,44,49
1-1/3e3c39,0,45,49
1-1/958a73,0,46,48
1-1/1b2a34,0,47,48
1-1/4d4c52,0,46,49
1-1/958a73,0,47,49
1-1/6d6e5c,0,44,50
1-1/e4cd9e,0,45,50
1-1/5d5c36,0,44,51
1-1/352100,0,45,51
1-1/05131d,0,46,50
1-1/6c6e68,0,47,50
1-1/05131d,0,46,51
1-1/05131d,0,47,51
2-2/3e3c39,0,40,52
2-2/1b2a34,0,42,52
1-1/645a4c,0,40,54
1-1/05131d,0,41,54
1-1/7c9051,0,40,55
1-1/7c9051,0,41,55
1-1/4d4c52,0,42,54
1-1/1b2a34,0,43,54
1-1/6a7944,0,42,55
1-1/7c9051,0,43,55
2-2/05131d,0,44,52
2-2/05131d,0,46,52
1-1/1b2a34,0,44,54
1-1/fcfcfc,0,45,54
1-1/7c9051,0,44,55
1-1/7c9051,0,45,55
1-1/352100,0,46,54
1-1/05131d,0,47,54
1-1/7c9051,0,46,55
1-1/6a7944,0,47,55
8-8/7c9051,0,32,56
8-8/6a7944,0,40,56
1-1/737271,0,48,48
1-1/bdc6ad,0,49,48
1-1/9c9c9c,0,48,49
1-1/6c6e68,0,49,49
1-1/6c96bf,0,50,48
1-1/7396c8,0,51,48
1-1/cdc298,0,50,49
1-1/9ca3a8,0,51,49
1-1/5c5030,0,48,50
1-1/352100,0,49,50
1-1/05131d,0,48,51
1-1/05131d,0,49,51
1-1/7c9051,0,50,50
1-1/05131d,0,51,50
1-1/1b2a34,0,50,51
1-1/05131d,0,51,51
1-1/7396c8,0,52,48
1-1/7396c8,0,53,48
1-1/627a62,0,52,49
1-1/5d5c36,0,53,49
1-1/6c96bf,0,54,48
1-1/6c96bf,0,55,48
1-1/05131d,0,54,49
1-1/05131d,0,55,49
2-2/05131d,0,52,50
1-1/1b2a34,0,54,50
1-1/05131d,0,55,50
1-1/1b2a34,0,54,51
1-1/5d5c36,0,55,51
2-2/05131d,0,48,52
2-2/05131d,0,50,52
1-1/3e3c39,0,48,54
1-1/1b2a34,0,49,54
1-1/6a7944,0,48,55
1-1/6a7944,0,49,55
1-1/05131d,0,50,54
1-1/05131d,0,51,54
1-1/7c9051,0,50,55
1-1/6a7944,0,51,55
1-1/05131d,0,52,52
1-1/3e3c39,0,53,52
1-1/05131d,0,52,53
1-1/05131d,0,53,53
2-2/05131d,0,54,52
1-1/05131d,0,52,54
1-1/05131d,0,53,54
1-1/7c9051,0,52,55
1-1/5c5030,0,53,55
1-1/898788,0,54,54
1-1/05131d,0,55,54
1-1/3e3c39,0,54,55
1-1/1b2a34,0,55,55
1-1/7396c8,0,56,48
1-1/6c96bf,0,57,48
1-1/05131d,0,56,49
1-1/352100,0,57,49
1-1/9ca3a8,0,58,48
1-1/6c96bf,0,59,48
1-1/05131d,0,58,49
1-1/1b2a34,0,59,49
2-2/3e3c39,0,56,50
1-1/3e3c39,0,58,50
1-1/1b2a34,0,59,50
1-1/3e3c39,0,58,51
1-1/879867,0,59,51
4-4/05131d,0,60,48
1-1/352100,0,56,52
1-1/352100,0,57,52
1-1/5d5c36,0,56,53
1-1/6d6e5c,0,57,53
1-1/5d5c36,0,58,52
1-1/352100,0,59,52
1-1/5d5c36,0,58,53
1-1/879867,0,59,53
1-1/352100,0,56,54
1-1/6d6e5c,0,57,54
1-1/1b2a34,0,56,55
1-1/1b2a34,0,57,55
2-2/1b2a34,0,58,54
1-1/05131d,0,60,52
1-1/05131d,0,61,52
1-1/5c5030,0,60,53
1-1/4d4c52,0,61,53
2-2/05131d,0,62,52
2-2/05131d,0,60,54
1-1/d4d5c9,0,62,54
1-1/f4f4f4,0,63,54
1-1/05131d,0,62,55
1-1/05131d,0,63,55
8-8/6a7944,0,48,56
8-8/6a7944,0,56,56
