490 99.60
2-2/fcfcfc,0,0,0
2-2/fcfcfc,0,2,0
1-1/fcfcfc,0,0,2
1-1/fcfcfc,0,1,2
1-1/dec69c,0,0,3
1-1/dcbc81,0,1,3
1-1/fcfcfc,0,2,2
1-1/fcfcfc,0,3,2
1-1/d09168,0,2,3
1-1/ac8247,0,3,3
2-2/fcfcfc,0,4,0
1-1/fcfcfc,0,6,0
1-1/f2f3f2,0,7,0
1-1/fcfcfc,0,6,1
1-1/dcbc81,0,7,1
1-1/fcfcfc,0,4,2
1-1/fcfcfc,0,5,2
1-1/e4cd9e,0,4,3
1-1/f9f1c7,0,5,3
2-2/f2f3f2,0,6,2
4-4/582a12,0,0,4
2-2/583927,0,4,4
2-2/583927,0,6,4
2-2/352100,0,4,6
1-1/582a12,0,6,6
1-1/5c5030,0,7,6
1-1/352100,0,6,7
1-1/352100,0,7,7
2-2/f4f4f4,0,8,0
1-1/f9f1c7,0,10,0
1-1/dcbc81,0,11,0
1-1/f6d7b3,0,10,1
1-1/f9f1c7,0,11,1
2-2/f9f1c7,0,8,2
1-1/f2f3f2,0,10,2
1-1/dcbc81,0,11,2
1-1/e4cd9e,0,10,3
1-1/ab673a,0,11,3
1-1/dec69c,0,12,0
1-1/cca373,0,13,0
1-1/a95500,0,12,1
1-1/aa7f2e,0,13,1
1-1/872b17,0,14,0
1-1/dec69c,0,15,0
1-1/cca373,0,14,1
1-1/f6d7b3,0,15,1
1-1/b48455,0,12,2
1-1/d09168,0,13,2
1-1/915c3c,0,12,3
1-1/ac8247,0,13,3
1-1/915c3c,0,14,2
1-1/cca373,0,15,2
1-1/cca373,0,14,3
1-1/583927,0,15,3
2-2/764d3b,0,8,4
1-1/5c5030,0,10,4
1-1/5e3f33,0,11,4
1-1/5c5030,0,10,5
1-1/ab673a,0,11,5
1-1/7c503a,0,8,6
1-1/ab673a,0,9,6
1-1/352100,0,8,7
1-1/583927,0,9,7
2-2/764d3b,0,10,6
2-2/5c5030,0,12,4
2-2/965336,0,14,4
1-1/5c5030,0,12,6
1-1/a95500,0,13,6
1-1/aa7f2e,0,12,7
1-1/583927,0,13,7
2-2/583927,0,14,6
8-8/352100,0,0,8
2-2/352100,0,8,8
2-2/7c503a,0,10,8
2-2/352100,0,8,10
2-2/582a12,0,10,10
1-1/ab673a,0,12,8
1-1/7c503a,0,13,8
1-1/f6d7b3,0,12,9
1-1/582a12,0,13,9
2-2/5c5030,0,14,8
1-1/352100,0,12,10
1-1/7c503a,0,13,10
1-1/a95500,0,12,11
1-1/965336,0,13,11
1-1/ab673a,0,14,10
1-1/5c5030,0,15,10
1-1/a95500,0,14,11
1-1/583927,0,15,11
1-1/352100,0,8,12
1-1/582a12,0,9,12
1-1/352100,0,8,13
1-1/352100,0,9,13
2-2/872b17,0,10,12
2-2/352100,0,8,14
1-1/bb771b,0,10,14
1-1/582a12,0,11,14
1-1/352100,0,10,15
1-1/352100,0,11,15
2-2/7c503a,0,12,12
1-1/582a12,0,14,12
1-1/907450,0,15,12
1-1/755945,0,14,13
1-1/352100,0,15,13
2-2/582a12,0,12,14
2-2/583927,0,14,14
1-1/f4f4f4,0,16,0
1-1/b48455,0,17,0
1-1/f4f4f4,0,16,1
1-1/f9f1c7,0,17,1
1-1/583927,0,18,0
1-1/b48455,0,19,0
1-1/ac8247,0,18,1
1-1/f6d7b3,0,19,1
1-1/f6d7b3,0,16,2
1-1/f9f1c7,0,17,2
1-1/7c503a,0,16,3
1-1/7c503a,0,17,3
1-1/f3c988,0,18,2
1-1/f6d7b3,0,19,2
1-1/dcbc81,0,18,3
1-1/5c5030,0,19,3
1-1/e4cd9e,0,20,0
1-1/7c503a,0,21,0
1-1/cca373,0,20,1
1-1/b48455,0,21,1
1-1/ab673a,0,22,0
1-1/582a12,0,23,0
1-1/ac8247,0,22,1
1-1/ab673a,0,23,1
1-1/f4f4f4,0,20,2
1-1/f9f1c7,0,21,2
1-1/dcbc81,0,20,3
1-1/aa7d55,0,21,3
1-1/f3cf9b,0,22,2
1-1/f3cf9b,0,23,2
1-1/b48455,0,22,3
1-1/dcbc81,0,23,3
4-4/583927,0,16,4
1-1/915c3c,0,20,4
1-1/a95500,0,21,4
1-1/583927,0,20,5
1-1/582a12,0,21,5
2-2/5c5030,0,22,4
2-2/583927,0,20,6
2-2/583927,0,22,6
1-1/ac8247,0,24,0
1-1/582a12,0,25,0
1-1/dec69c,0,24,1
1-1/f9f1c7,0,25,1
1-1/583927,0,26,0
1-1/dcbc81,0,27,0
1-1/352100,0,26,1
1-1/582a12,0,27,1
2-2/582a12,0,24,2
2-2/582a12,0,26,2
1-1/dcbc81,0,28,0
1-1/dec69c,0,29,0
1-1/352100,0,28,1
1-1/583927,0,29,1
2-2/f6d7b3,0,30,0
2-2/582a12,0,28,2
1-1/dcbc81,0,30,2
1-1/f4f4f4,0,31,2
1-1/5c5030,0,30,3
1-1/583927,0,31,3
4-4/872b17,0,24,4
2-2/5c5030,0,28,4
1-1/755945,0,30,4
1-1/5c5030,0,31,4
1-1/ab673a,0,30,5
1-1/5c5030,0,31,5
2-2/582a12,0,28,6
1-1/ab673a,0,30,6
1-1/5c5030,0,31,6
1-1/aa7f2e,0,30,7
1-1/7c503a,0,31,7
2-2/5c5030,0,16,8
2-2/7c503a,0,18,8
2-2/965336,0,16,10
1-1/aa7f2e,0,18,10
1-1/a95500,0,19,10
1-1/7c503a,0,18,11
1-1/582a12,0,19,11
1-1/5e3f33,0,20,8
1-1/915c3c,0,21,8
1-1/bb771b,0,20,9
1-1/b46a00,0,21,9
2-2/bb771b,0,22,8
1-1/5e3f33,0,20,10
1-1/582a12,0,21,10
1-1/965336,0,20,11
1-1/582a12,0,21,11
2-2/583927,0,22,10
1-1/915c3c,0,16,12
1-1/582a12,0,17,12
1-1/352100,0,16,13
1-1/352100,0,17,13
1-1/582a12,0,18,12
1-1/5c5030,0,19,12
1-1/352100,0,18,13
1-1/352100,0,19,13
1-1/f7ad63,0,16,14
1-1/352100,0,17,14
1-1/ffcb78,0,16,15
1-1/ab673a,0,17,15
1-1/352100,0,18,14
1-1/583927,0,19,14
1-1/645a4c,0,18,15
1-1/352100,0,19,15
1-1/583927,0,20,12
1-1/352100,0,21,12
1-1/583927,0,20,13
1-1/764d3b,0,21,13
2-2/583927,0,22,12
1-1/352100,0,20,14
1-1/7c503a,0,21,14
1-1/583927,0,20,15
1-1/582a12,0,21,15
1-1/a95500,0,22,14
1-1/352100,0,23,14
1-1/965336,0,22,15
1-1/582a12,0,23,15
1-1/ab673a,0,24,8
1-1/582a12,0,25,8
1-1/582a12,0,24,9
1-1/d09168,0,25,9
2-2/582a12,0,26,8
2-2/583927,0,24,10
2-2/582a12,0,26,10
1-1/582a12,0,28,8
1-1/b46a00,0,29,8
1-1/582a12,0,28,9
1-1/aa7f2e,0,29,9
2-2/583927,0,30,8
2-2/582a12,0,28,10
2-2/352100,0,30,10
1-1/583927,0,24,12
1-1/a95500,0,25,12
1-1/352100,0,24,13
1-1/582a12,0,25,13
2-2/352100,0,26,12
2-2/330000,0,24,14
2-2/330000,0,26,14
2-2/582a12,0,28,12
2-2/352100,0,30,12
2-2/352100,0,28,14
2-2/582a12,0,30,14
4-4/352100,0,0,16
2-2/352100,0,4,16
1-1/352100,0,6,16
1-1/352100,0,7,16
1-1/583927,0,6,17
1-1/582a12,0,7,17
1-1/352100,0,4,18
1-1/582a12,0,5,18
1-1/352100,0,4,19
1-1/dd9e47,0,5,19
1-1/583927,0,6,18
1-1/ab673a,0,7,18
1-1/583927,0,6,19
1-1/dd9e47,0,7,19
2-2/352100,0,0,20
2-2/352100,0,2,20
1-1/352100,0,0,22
1-1/352100,0,1,22
1-1/915c3c,0,0,23
1-1/5c5030,0,1,23
1-1/352100,0,2,22
1-1/582a12,0,3,22
1-1/7c503a,0,2,23
1-1/aa7f2e,0,3,23
1-1/f7ad63,0,4,20
1-1/ab673a,0,5,20
1-1/fbe890,0,4,21
1-1/582a12,0,5,21
1-1/352100,0,6,20
1-1/582a12,0,7,20
1-1/352100,0,6,21
1-1/5c5030,0,7,21
1-1/f9ba61,0,4,22
1-1/352100,0,5,22
1-1/f08f1c,0,4,23
1-1/7c503a,0,5,23
1-1/352100,0,6,22
1-1/f5fab7,0,7,22
1-1/582a12,0,6,23
1-1/f5fab7,0,7,23
2-2/352100,0,8,16
2-2/352100,0,10,16
1-1/ac8247,0,8,18
1-1/cca373,0,9,18
1-1/b67b50,0,8,19
1-1/f7ad63,0,9,19
1-1/cca373,0,10,18
1-1/582a12,0,11,18
1-1/d09168,0,10,19
1-1/b67b50,0,11,19
2-2/352100,0,12,16
1-1/352100,0,14,16
1-1/583927,0,15,16
1-1/352100,0,14,17
1-1/f7ad63,0,15,17
1-1/352100,0,12,18
1-1/915c3c,0,13,18
1-1/b67b50,0,12,19
1-1/b67b50,0,13,19
1-1/dcbc81,0,14,18
1-1/f7ad63,0,15,18
1-1/fcb76d,0,14,19
1-1/872b17,0,15,19
1-1/f3c988,0,8,20
1-1/b48455,0,9,20
1-1/f7ad63,0,8,21
1-1/b67b50,0,9,21
1-1/b67b50,0,10,20
1-1/ab673a,0,11,20
1-1/ac8247,0,10,21
1-1/f7ad63,0,11,21
1-1/f7ad63,0,8,22
1-1/ab673a,0,9,22
1-1/fcb76d,0,8,23
1-1/583927,0,9,23
1-1/7c503a,0,10,22
1-1/fbe890,0,11,22
1-1/582a12,0,10,23
1-1/f9f1c7,0,11,23
1-1/dd9e47,0,12,20
1-1/7c503a,0,13,20
1-1/fcb76d,0,12,21
1-1/583927,0,13,21
1-1/aa7f2e,0,14,20
1-1/dd9e47,0,15,20
1-1/352100,0,14,21
1-1/352100,0,15,21
1-1/fcb76d,0,12,22
1-1/352100,0,13,22
1-1/b67b50,0,12,23
1-1/352100,0,13,23
2-2/352100,0,14,22
4-4/a95500,0,0,24
1-1/aa7f2e,0,4,24
1-1/582a12,0,5,24
1-1/b46a00,0,4,25
1-1/965336,0,5,25
1-1/582a12,0,6,24
1-1/fbe696,0,7,24
1-1/583927,0,6,25
1-1/aa7f2e,0,7,25
1-1/aa7f2e,0,4,26
1-1/352100,0,5,26
1-1/a95500,0,4,27
1-1/7c503a,0,5,27
2-2/582a12,0,6,26
4-4/583927,0,0,28
1-1/a95500,0,4,28
1-1/dd9e47,0,5,28
1-1/583927,0,4,29
1-1/582a12,0,5,29
1-1/352100,0,6,28
1-1/bb771b,0,7,28
1-1/582a12,0,6,29
1-1/583927,0,7,29
1-1/583927,0,4,30
1-1/ab673a,0,5,30
1-1/dd9e47,0,4,31
1-1/dd9e47,0,5,31
2-2/583927,0,6,30
2-2/b48455,0,8,24
1-1/582a12,0,10,24
1-1/fbe696,0,11,24
1-1/7c503a,0,10,25
1-1/965336,0,11,25
1-1/582a12,0,8,26
1-1/ab673a,0,9,26
1-1/aa7f2e,0,8,27
1-1/aa7f2e,0,9,27
1-1/582a12,0,10,26
1-1/872b17,0,11,26
1-1/aa7f2e,0,10,27
1-1/aa7f2e,0,11,27
1-1/b67b50,0,12,24
1-1/330000,0,13,24
1-1/582a12,0,12,25
1-1/352100,0,13,25
2-2/352100,0,14,24
1-1/330000,0,12,26
1-1/583927,0,13,26
1-1/330000,0,12,27
1-1/aa7f2e,0,13,27
1-1/ab673a,0,14,26
1-1/582a12,0,15,26
1-1/ab673a,0,14,27
1-1/583927,0,15,27
1-1/b46a00,0,8,28
1-1/aa7f2e,0,9,28
1-1/583927,0,8,29
1-1/583927,0,9,29
1-1/bb771b,0,10,28
1-1/bb771b,0,11,28
1-1/583927,0,10,29
1-1/5c5030,0,11,29
2-2/583927,0,8,30
2-2/582a12,0,10,30
1-1/965336,0,12,28
1-1/aa7f2e,0,13,28
1-1/582a12,0,12,29
1-1/7c503a,0,13,29
1-1/583927,0,14,28
1-1/352100,0,15,28
1-1/352100,0,14,29
1-1/7c503a,0,15,29
2-2/582a12,0,12,30
2-2/582a12,0,14,30
1-1/dd9e47,0,16,16
1-1/f9f1c7,0,17,16
1-1/fbe696,0,16,17
1-1/907450,0,17,17
1-1/05131d,0,18,16
1-1/352100,0,19,16
1-1/b48455,0,18,17
1-1/958a73,0,19,17
1-1/b67b50,0,16,18
1-1/755945,0,17,18
1-1/582a12,0,16,19
1-1/582a12,0,17,19
1-1/755945,0,18,18
1-1/755945,0,19,18
1-1/582a12,0,18,19
1-1/352100,0,19,19
4-4/352100,0,20,16
4-4/352100,0,16,20
4-4/352100,0,20,20
4-4/352100,0,24,16
2-2/05131d,0,28,16
1-1/582a12,0,30,16
1-1/583927,0,31,16
1-1/05131d,0,30,17
1-1/bb771b,0,31,17
2-2/330000,0,28,18
1-1/352100,0,30,18
1-1/a95500,0,31,18
1-1/582a12,0,30,19
1-1/582a12,0,31,19
4-4/352100,0,24,20
4-4/352100,0,28,20
1-1/582a12,0,16,24
1-1/352100,0,17,24
1-1/352100,0,16,25
1-1/aa7f2e,0,17,25
2-2/aa7f2e,0,18,24
1-1/352100,0,16,26
1-1/582a12,0,17,26
1-1/aa7f2e,0,16,27
1-1/a95500,0,17,27
2-2/5c5030,0,18,26
2-2/aa7f2e,0,20,24
2-2/aa7f2e,0,22,24
2-2/5c5030,0,20,26
1-1/5c5030,0,22,26
1-1/582a12,0,23,26
1-1/915c3c,0,22,27
1-1/b46a00,0,23,27
2-2/aa7f2e,0,16,28
2-2/aa7f2e,0,18,28
1-1/583927,0,16,30
1-1/583927,0,17,30
1-1/5c5030,0,16,31
1-1/ac8247,0,17,31
2-2/583927,0,18,30
2-2/bb771b,0,20,28
2-2/aa7f2e,0,22,28
2-2/583927,0,20,30
2-2/5c5030,0,22,30
4-4/965336,0,24,24
4-4/5c5030,0,28,24
2-2/bb771b,0,24,28
2-2/b46a00,0,26,28
2-2/5c5030,0,24,30
2-2/5c5030,0,26,30
2-2/aa7f2e,0,28,28
2-2/b46a00,0,30,28
1-1/a95500,0,28,30
1-1/a95500,0,29,30
1-1/583927,0,28,31
1-1/583927,0,29,31
1-1/aa7f2e,0,30,30
1-1/aa7f2e,0,31,30
1-1/582a12,0,30,31
1-1/582a12,0,31,31
