64 99.41
4-4/0a1327,0,0,0
2-2/0a1327,0,4,0
2-2/ffffff,0,6,0
2-2/0a1327,0,4,2
2-2/ffffff,0,6,2
4-4/0a1327,0,0,4
2-2/0a1327,0,4,4
2-2/ffffff,0,6,4
2-2/0a1327,0,4,6
2-2/ffffff,0,6,6
2-2/ffffff,0,8,0
1-1/ffffff,0,10,0
1-1/d60026,0,11,0
1-1/ffffff,0,10,1
1-1/d60026,0,11,1
2-2/ffffff,0,8,2
1-1/ffffff,0,10,2
1-1/d60026,0,11,2
1-1/ffffff,0,10,3
1-1/d60026,0,11,3
4-4/d60026,0,12,0
2-2/ffffff,0,8,4
1-1/ffffff,0,10,4
1-1/d60026,0,11,4
1-1/ffffff,0,10,5
1-1/d60026,0,11,5
2-2/ffffff,0,8,6
1-1/ffffff,0,10,6
1-1/d60026,0,11,6
1-1/ffffff,0,10,7
1-1/d60026,0,11,7
4-4/d60026,0,12,4
4-4/0a1327,0,0,8
2-2/0a1327,0,4,8
2-2/ffffff,0,6,8
2-2/0a1327,0,4,10
2-2/ffffff,0,6,10
4-4/0a1327,0,0,12
2-2/0a1327,0,4,12
2-2/ffffff,0,6,12
2-2/0a1327,0,4,14
2-2/ffffff,0,6,14
2-2/ffffff,0,8,8
1-1/ffffff,0,10,8
1-1/d60026,0,11,8
1-1/ffffff,0,10,9
1-1/d60026,0,11,9
2-2/ffffff,0,8,10
1-1/ffffff,0,10,10
1-1/d60026,0,11,10
1-1/ffffff,0,10,11
1-1/d60026,0,11,11
4-4/d60026,0,12,8
2-2/ffffff,0,8,12
1-1/ffffff,0,10,12
1-1/d60026,0,11,12
1-1/ffffff,0,10,13
1-1/d60026,0,11,13
2-2/ffffff,0,8,14
1-1/ffffff,0,10,14
1-1/d60026,0,11,14
1-1/ffffff,0,10,15
1-1/d60026,0,11,15
4-4/d60026,0,12,12
