28 99.63
4-4/fc97ac,0,0,0
4-4/fc97ac,0,4,0
2-2/fc97ac,0,0,4
2-2/fc97ac,0,2,4
2-2/05131d,0,0,6
2-2/f4f4f4,0,2,6
4-4/fc97ac,0,4,4
4-4/fc97ac,0,8,0
4-4/fc97ac,0,12,0
4-4/fc97ac,0,8,4
2-2/fc97ac,0,12,4
2-2/fc97ac,0,14,4
2-2/f4f4f4,0,12,6
2-2/05131d,0,14,6
4-4/fc97ac,0,0,8
2-2/fecccf,0,4,8
2-2/fecccf,0,6,8
2-2/7c503a,0,4,10
2-2/fc97ac,0,6,10
4-4/fc97ac,0,0,12
4-4/ff879c,0,4,12
2-2/fecccf,0,8,8
2-2/fecccf,0,10,8
2-2/fc97ac,0,8,10
2-2/945148,0,10,10
4-4/fc97ac,0,12,8
4-4/ff879c,0,8,12
4-4/fc97ac,0,12,12