31 99.38
8-8/5ac4da,0,0,0
8-8/5ac4da,0,8,0
2-2/5ac4da,0,0,8
2-2/5ac4da,0,2,8
1-1/cfe2f7,0,0,10
1-1/aeefec,0,1,10
1-1/fcb76d,0,0,11
1-1/fcb76d,0,1,11
2-2/aeefec,0,2,10
4-4/7dbfdd,0,4,8
4-4/f3c988,0,0,12
4-4/f3cf9b,0,4,12
4-4/7dbfdd,0,8,8
2-2/5ac4da,0,12,8
2-2/5ac4da,0,14,8
1-1/aeefec,0,12,10
1-1/aeefec,0,13,10
1-1/f4f4f4,0,12,11
1-1/fcfcfc,0,13,11
2-2/aeefec,0,14,10
1-1/fcfcfc,0,8,12
1-1/fcfcfc,0,9,12
1-1/f3c988,0,8,13
1-1/f3c988,0,9,13
1-1/fcfcfc,0,10,12
1-1/fcfcfc,0,11,12
1-1/f3c988,0,10,13
1-1/f3c988,0,11,13
2-2/f3c988,0,8,14
2-2/f3c988,0,10,14
4-4/f3c988,0,12,12
