1071 99.72
16-16/3e3c39,0,0,0
4-4/1b2a34,0,16,0
4-4/1b2a34,0,20,0
4-4/3e3c39,0,16,4
2-2/1b2a34,0,20,4
2-2/1b2a34,0,22,4
1-1/1b2a34,0,20,6
1-1/05131d,0,21,6
1-1/898788,0,20,7
1-1/1b2a34,0,21,7
2-2/616161,0,22,6
8-8/1b2a34,0,24,0
4-4/4d4c52,0,16,8
4-4/3e3c39,0,20,8
4-4/616161,0,16,12
2-2/5e5e5e,0,20,12
2-2/898788,0,22,12
2-2/737271,0,20,14
2-2/898788,0,22,14
2-2/1b2a34,0,24,8
2-2/1b2a34,0,26,8
1-1/5e5e5e,0,24,10
1-1/3e3c39,0,25,10
1-1/6c6e68,0,24,11
1-1/5e5e5e,0,25,11
1-1/3e3c39,0,26,10
1-1/4d4c52,0,27,10
1-1/4d4c52,0,26,11
1-1/737271,0,27,11
1-1/1b2a34,0,28,8
1-1/737271,0,29,8
1-1/4d4c52,0,28,9
1-1/575857,0,29,9
1-1/4d4c52,0,30,8
1-1/adc3c0,0,31,8
1-1/9ba19d,0,30,9
1-1/737271,0,31,9
2-2/737271,0,28,10
2-2/9c9c9c,0,30,10
1-1/737271,0,24,12
1-1/737271,0,25,12
1-1/a0a5a9,0,24,13
1-1/9ba19d,0,25,13
1-1/5e5e5e,0,26,12
1-1/9ba19d,0,27,12
1-1/898788,0,26,13
1-1/898788,0,27,13
2-2/9c9c9c,0,24,14
2-2/9ba19d,0,26,14
4-4/9c9c9c,0,28,12
8-8/4d4c52,0,0,16
4-4/3e3c39,0,8,16
2-2/3e3c39,0,12,16
2-2/575857,0,14,16
1-1/3e3c39,0,12,18
1-1/616161,0,13,18
1-1/5e5e5e,0,12,19
1-1/898788,0,13,19
1-1/737271,0,14,18
1-1/9c9c9c,0,15,18
1-1/898788,0,14,19
1-1/6c6e68,0,15,19
1-1/3e3c39,0,8,20
1-1/6c6e68,0,9,20
1-1/575857,0,8,21
1-1/adc3c0,0,9,21
2-2/575857,0,10,20
1-1/898788,0,8,22
1-1/737271,0,9,22
1-1/4d4c52,0,8,23
1-1/5e5e5e,0,9,23
2-2/737271,0,10,22
1-1/737271,0,12,20
1-1/898788,0,13,20
1-1/575857,0,12,21
1-1/6c6e68,0,13,21
2-2/6c6e68,0,14,20
1-1/616161,0,12,22
1-1/575857,0,13,22
1-1/4d4c52,0,12,23
1-1/9c9c9c,0,13,23
2-2/616161,0,14,22
4-4/4d4c52,0,0,24
2-2/4d4c52,0,4,24
1-1/898788,0,6,24
1-1/5e5e5e,0,7,24
1-1/737271,0,6,25
1-1/3e3c39,0,7,25
2-2/4d4c52,0,4,26
1-1/5e5e5e,0,6,26
1-1/3e3c39,0,7,26
1-1/1b2a34,0,6,27
1-1/1b2a34,0,7,27
4-4/3e3c39,0,0,28
4-4/1b2a34,0,4,28
1-1/3e3c39,0,8,24
1-1/737271,0,9,24
1-1/3e3c39,0,8,25
1-1/898788,0,9,25
2-2/737271,0,10,24
1-1/3e3c39,0,8,26
1-1/737271,0,9,26
1-1/4d4c52,0,8,27
1-1/9c9c9c,0,9,27
2-2/575857,0,10,26
1-1/5e5e5e,0,12,24
1-1/898788,0,13,24
1-1/616161,0,12,25
1-1/9ba19d,0,13,25
2-2/6c6e68,0,14,24
1-1/616161,0,12,26
1-1/898788,0,13,26
1-1/616161,0,12,27
1-1/898788,0,13,27
1-1/575857,0,14,26
1-1/9c9c9c,0,15,26
1-1/0a1327,0,14,27
1-1/a0a5a9,0,15,27
1-1/1b2a34,0,8,28
1-1/737271,0,9,28
1-1/4d4c52,0,8,29
1-1/575857,0,9,29
2-2/575857,0,10,28
1-1/1b2a34,0,8,30
1-1/6c6e68,0,9,30
1-1/898788,0,8,31
1-1/737271,0,9,31
1-1/3e3c39,0,10,30
1-1/5e5e5e,0,11,30
1-1/1b2a34,0,10,31
1-1/3e3c39,0,11,31
1-1/737271,0,12,28
1-1/a0a5a9,0,13,28
1-1/898788,0,12,29
1-1/737271,0,13,29
1-1/1b2a34,0,14,28
1-1/9c9c9c,0,15,28
1-1/3e3c39,0,14,29
1-1/a0a5a9,0,15,29
2-2/4d4c52,0,12,30
2-2/737271,0,14,30
1-1/737271,0,16,16
1-1/898788,0,17,16
1-1/abadac,0,16,17
1-1/3e3c39,0,17,17
1-1/4d4c52,0,18,16
1-1/6c6e68,0,19,16
1-1/737271,0,18,17
1-1/abadac,0,19,17
1-1/3e3c39,0,16,18
1-1/abadac,0,17,18
1-1/9ba19d,0,16,19
1-1/737271,0,17,19
2-2/a0a5a9,0,18,18
2-2/898788,0,20,16
2-2/abadac,0,22,16
2-2/abadac,0,20,18
2-2/adc3c0,0,22,18
1-1/898788,0,16,20
1-1/616161,0,17,20
1-1/737271,0,16,21
1-1/abadac,0,17,21
2-2/a0a5a9,0,18,20
1-1/898788,0,16,22
1-1/a0a5a9,0,17,22
1-1/737271,0,16,23
1-1/1b2a34,0,17,23
1-1/9c9c9c,0,18,22
1-1/737271,0,19,22
1-1/1b2a34,0,18,23
1-1/737271,0,19,23
4-4/adc3c0,0,20,20
8-8/adc3c0,0,24,16
1-1/898788,0,16,24
1-1/9c9c9c,0,17,24
1-1/9ba19d,0,16,25
1-1/afb5c7,0,17,25
2-2/abadac,0,18,24
1-1/adc3c0,0,16,26
1-1/d4d5c9,0,17,26
1-1/d4d5c9,0,16,27
1-1/9c9c9c,0,17,27
2-2/898788,0,18,26
2-2/abadac,0,20,24
2-2/adc3c0,0,22,24
2-2/9c9c9c,0,20,26
2-2/9ba19d,0,22,26
1-1/a0a5a9,0,16,28
1-1/4d4c52,0,17,28
1-1/adc3c0,0,16,29
1-1/abadac,0,17,29
1-1/d9d9d9,0,18,28
1-1/898788,0,19,28
1-1/a0a5a9,0,18,29
1-1/4d4c52,0,19,29
1-1/737271,0,16,30
1-1/898788,0,17,30
1-1/898788,0,16,31
1-1/abadac,0,17,31
1-1/616161,0,18,30
1-1/898788,0,19,30
1-1/9c9c9c,0,18,31
1-1/afb5c7,0,19,31
1-1/1b2a34,0,20,28
1-1/898788,0,21,28
1-1/05131d,0,20,29
1-1/898788,0,21,29
1-1/898788,0,22,28
1-1/adc3c0,0,23,28
1-1/737271,0,22,29
1-1/a0a5a9,0,23,29
2-2/9c9c9c,0,20,30
1-1/adc3c0,0,22,30
1-1/616161,0,23,30
1-1/898788,0,22,31
1-1/3e3c39,0,23,31
2-2/d4d5c9,0,24,24
2-2/d4d5c9,0,26,24
1-1/adc3c0,0,24,26
1-1/d4d5c9,0,25,26
1-1/737271,0,24,27
1-1/adc3c0,0,25,27
2-2/d4d5c9,0,26,26
4-4/adc3c0,0,28,24
1-1/4d4c52,0,24,28
1-1/adc3c0,0,25,28
1-1/616161,0,24,29
1-1/abadac,0,25,29
2-2/afb5c7,0,26,28
2-2/abadac,0,24,30
2-2/abadac,0,26,30
4-4/a0a5a9,0,28,28
4-4/3e3c39,0,32,0
4-4/3e3c39,0,36,0
2-2/1b2a34,0,32,4
2-2/3e3c39,0,34,4
1-1/3e3c39,0,32,6
1-1/3e3c39,0,33,6
1-1/898788,0,32,7
1-1/9ba19d,0,33,7
1-1/1b2a34,0,34,6
1-1/3e3c39,0,35,6
1-1/898788,0,34,7
1-1/6c6e68,0,35,7
2-2/3e3c39,0,36,4
2-2/3e3c39,0,38,4
1-1/3e3c39,0,36,6
1-1/1b2a34,0,37,6
1-1/575857,0,36,7
1-1/898788,0,37,7
1-1/3e3c39,0,38,6
1-1/3e3c39,0,39,6
1-1/898788,0,38,7
1-1/5e5e5e,0,39,7
8-8/3e3c39,0,40,0
2-2/5e5e5e,0,32,8
1-1/3e3c39,0,34,8
1-1/737271,0,35,8
1-1/9ba19d,0,34,9
1-1/6c6e68,0,35,9
1-1/737271,0,32,10
1-1/abadac,0,33,10
1-1/abadac,0,32,11
1-1/898788,0,33,11
1-1/898788,0,34,10
1-1/898788,0,35,10
1-1/616161,0,34,11
1-1/a0a5a9,0,35,11
1-1/9ba19d,0,36,8
1-1/4d4c52,0,37,8
1-1/898788,0,36,9
1-1/737271,0,37,9
2-2/6c6e68,0,38,8
1-1/898788,0,36,10
1-1/6c6e68,0,37,10
1-1/9c9c9c,0,36,11
1-1/adc3c0,0,37,11
1-1/5e5e5e,0,38,10
1-1/9c9c9c,0,39,10
1-1/a0a5a9,0,38,11
1-1/737271,0,39,11
4-4/9ba19d,0,32,12
4-4/9c9c9c,0,36,12
1-1/737271,0,40,8
1-1/3e3c39,0,41,8
1-1/4d4c52,0,40,9
1-1/898788,0,41,9
1-1/3e3c39,0,42,8
1-1/898788,0,43,8
1-1/898788,0,42,9
1-1/737271,0,43,9
2-2/9ba19d,0,40,10
1-1/898788,0,42,10
1-1/4d4c52,0,43,10
1-1/898788,0,42,11
1-1/737271,0,43,11
1-1/737271,0,44,8
1-1/3e3c39,0,45,8
1-1/4d4c52,0,44,9
1-1/3e3c39,0,45,9
2-2/3e3c39,0,46,8
1-1/4d4c52,0,44,10
1-1/1b2a34,0,45,10
1-1/898788,0,44,11
1-1/9c9c9c,0,45,11
1-1/3e3c39,0,46,10
1-1/737271,0,47,10
1-1/3e3c39,0,46,11
1-1/1b2a34,0,47,11
4-4/898788,0,40,12
2-2/898788,0,44,12
1-1/616161,0,46,12
1-1/9c9c9c,0,47,12
1-1/898788,0,46,13
1-1/5e5e5e,0,47,13
2-2/898788,0,44,14
2-2/9c9c9c,0,46,14
8-8/3e3c39,0,48,0
8-8/3e3c39,0,56,0
4-4/3e3c39,0,48,8
4-4/1b2a34,0,52,8
1-1/616161,0,48,12
1-1/3e3c39,0,49,12
1-1/898788,0,48,13
1-1/575857,0,49,13
2-2/3e3c39,0,50,12
1-1/5e5e5e,0,48,14
1-1/abadac,0,49,14
1-1/575857,0,48,15
1-1/d4d5c9,0,49,15
1-1/4d4c52,0,50,14
1-1/3e3c39,0,51,14
1-1/898788,0,50,15
1-1/575857,0,51,15
4-4/05131d,0,52,12
8-8/05131d,0,56,8
4-4/adc3c0,0,32,16
4-4/abadac,0,36,16
2-2/d4d5c9,0,32,20
2-2/d4d5c9,0,34,20
1-1/abadac,0,32,22
1-1/d4d5c9,0,33,22
1-1/afb5c7,0,32,23
1-1/737271,0,33,23
1-1/d4d5c9,0,34,22
1-1/d9d9d9,0,35,22
1-1/4d4c52,0,34,23
1-1/737271,0,35,23
2-2/abadac,0,36,20
2-2/abadac,0,38,20
1-1/d4d5c9,0,36,22
1-1/abadac,0,37,22
1-1/6c6e68,0,36,23
1-1/737271,0,37,23
2-2/abadac,0,38,22
8-8/9c9c9c,0,40,16
2-2/d4d5c9,0,32,24
2-2/d4d5c9,0,34,24
2-2/9c9c9c,0,32,26
1-1/616161,0,34,26
1-1/737271,0,35,26
1-1/a0a5a9,0,34,27
1-1/9c9c9c,0,35,27
2-2/adc3c0,0,36,24
2-2/abadac,0,38,24
1-1/abadac,0,36,26
1-1/d9d9d9,0,37,26
1-1/898788,0,36,27
1-1/6c6e68,0,37,27
2-2/adc3c0,0,38,26
1-1/9ba19d,0,32,28
1-1/d4d5c9,0,33,28
1-1/abadac,0,32,29
1-1/898788,0,33,29
1-1/3e3c39,0,34,28
1-1/3e3c39,0,35,28
1-1/05131d,0,34,29
1-1/1b2a34,0,35,29
1-1/898788,0,32,30
1-1/6c6e68,0,33,30
1-1/9c9c9c,0,32,31
1-1/adc3c0,0,33,31
2-2/a0a5a9,0,34,30
4-4/9ba19d,0,36,28
8-8/abadac,0,40,24
1-1/abadac,0,48,16
1-1/6c6e68,0,49,16
1-1/9c9c9c,0,48,17
1-1/abadac,0,49,17
2-2/737271,0,50,16
2-2/a0a5a9,0,48,18
1-1/9ba19d,0,50,18
1-1/6c6e68,0,51,18
1-1/abadac,0,50,19
1-1/abadac,0,51,19
1-1/1b2a34,0,52,16
1-1/1b2a34,0,53,16
1-1/5e5e5e,0,52,17
1-1/1b2a34,0,53,17
2-2/05131d,0,54,16
1-1/a0a5a9,0,52,18
1-1/4d4c52,0,53,18
1-1/616161,0,52,19
1-1/898788,0,53,19
1-1/05131d,0,54,18
1-1/05131d,0,55,18
1-1/575857,0,54,19
1-1/05131d,0,55,19
4-4/a0a5a9,0,48,20
1-1/9c9c9c,0,52,20
1-1/616161,0,53,20
1-1/898788,0,52,21
1-1/a0a5a9,0,53,21
1-1/1b2a34,0,54,20
1-1/4d4c52,0,55,20
1-1/3e3c39,0,54,21
1-1/05131d,0,55,21
2-2/9c9c9c,0,52,22
1-1/737271,0,54,22
1-1/05131d,0,55,22
1-1/4d4c52,0,54,23
1-1/6c6e68,0,55,23
8-8/05131d,0,56,16
4-4/abadac,0,48,24
2-2/737271,0,52,24
1-1/737271,0,54,24
1-1/1b2a34,0,55,24
1-1/737271,0,54,25
1-1/898788,0,55,25
2-2/abadac,0,52,26
2-2/737271,0,54,26
4-4/abadac,0,48,28
4-4/9c9c9c,0,52,28
1-1/5e5e5e,0,56,24
1-1/05131d,0,57,24
1-1/898788,0,56,25
1-1/737271,0,57,25
2-2/05131d,0,58,24
2-2/737271,0,56,26
1-1/5e5e5e,0,58,26
1-1/05131d,0,59,26
1-1/9c9c9c,0,58,27
1-1/3e3c39,0,59,27
4-4/05131d,0,60,24
2-2/898788,0,56,28
2-2/898788,0,58,28
2-2/898788,0,56,30
1-1/6c6e68,0,58,30
1-1/898788,0,59,30
1-1/898788,0,58,31
1-1/3e3c39,0,59,31
1-1/6c6e68,0,60,28
1-1/05131d,0,61,28
1-1/1b2a34,0,60,29
1-1/1b2a34,0,61,29
2-2/05131d,0,62,28
1-1/5e5e5e,0,60,30
1-1/05131d,0,61,30
1-1/737271,0,60,31
1-1/3e3c39,0,61,31
1-1/3e3c39,0,62,30
1-1/05131d,0,63,30
1-1/05131d,0,62,31
1-1/0a1327,0,63,31
8-8/1b2a34,0,0,32
1-1/575857,0,8,32
1-1/737271,0,9,32
1-1/1b2a34,0,8,33
1-1/4d4c52,0,9,33
1-1/1b2a34,0,10,32
1-1/3e3c39,0,11,32
1-1/1b2a34,0,10,33
1-1/5e5e5e,0,11,33
2-2/1b2a34,0,8,34
2-2/1b2a34,0,10,34
2-2/1b2a34,0,12,32
2-2/9c9c9c,0,14,32
2-2/1b2a34,0,12,34
1-1/9ba19d,0,14,34
1-1/d4d5c9,0,15,34
1-1/9ba19d,0,14,35
1-1/d4d5c9,0,15,35
2-2/1b2a34,0,8,36
2-2/0a1327,0,10,36
1-1/4d4c52,0,8,38
1-1/1b2a34,0,9,38
1-1/0a1327,0,8,39
1-1/05131d,0,9,39
1-1/6c6e68,0,10,38
1-1/737271,0,11,38
1-1/05131d,0,10,39
1-1/1b2a34,0,11,39
2-2/3e3c39,0,12,36
1-1/898788,0,14,36
1-1/adc3c0,0,15,36
1-1/898788,0,14,37
1-1/afb5c7,0,15,37
2-2/1b2a34,0,12,38
2-2/9c9c9c,0,14,38
8-8/0a1327,0,0,40
4-4/05131d,0,8,40
2-2/05131d,0,12,40
1-1/898788,0,14,40
1-1/9ba19d,0,15,40
1-1/4d4c52,0,14,41
1-1/abadac,0,15,41
2-2/05131d,0,12,42
1-1/0a1327,0,14,42
1-1/9c9c9c,0,15,42
1-1/05131d,0,14,43
1-1/abadac,0,15,43
4-4/05131d,0,8,44
4-4/05131d,0,12,44
4-4/adc3c0,0,16,32
2-2/abadac,0,20,32
1-1/4d4c52,0,22,32
1-1/6c6e68,0,23,32
1-1/4d4c52,0,22,33
1-1/abadac,0,23,33
1-1/abadac,0,20,34
1-1/6c6e68,0,21,34
1-1/d4d5c9,0,20,35
1-1/3e3c39,0,21,35
2-2/abadac,0,22,34
4-4/abadac,0,16,36
1-1/898788,0,20,36
1-1/3e3c39,0,21,36
1-1/737271,0,20,37
1-1/737271,0,21,37
1-1/abadac,0,22,36
1-1/adc3c0,0,23,36
1-1/575857,0,22,37
1-1/a0a5a9,0,23,37
2-2/abadac,0,20,38
1-1/9c9c9c,0,22,38
1-1/6c6e68,0,23,38
1-1/abadac,0,22,39
1-1/abadac,0,23,39
4-4/abadac,0,24,32
4-4/abadac,0,28,32
1-1/d4d5c9,0,24,36
1-1/d4d5c9,0,25,36
1-1/9ba19d,0,24,37
1-1/9ba19d,0,25,37
1-1/adc3c0,0,26,36
1-1/abadac,0,27,36
1-1/9c9c9c,0,26,37
1-1/5e5e5e,0,27,37
2-2/9ba19d,0,24,38
1-1/898788,0,26,38
1-1/898788,0,27,38
1-1/abadac,0,26,39
1-1/abadac,0,27,39
1-1/afb5c7,0,28,36
1-1/abadac,0,29,36
1-1/6c6e68,0,28,37
1-1/9c9c9c,0,29,37
1-1/898788,0,30,36
1-1/adc3c0,0,31,36
1-1/737271,0,30,37
1-1/adc3c0,0,31,37
2-2/abadac,0,28,38
2-2/abadac,0,30,38
2-2/9c9c9c,0,16,40
2-2/abadac,0,18,40
1-1/898788,0,16,42
1-1/abadac,0,17,42
1-1/898788,0,16,43
1-1/abadac,0,17,43
1-1/616161,0,18,42
1-1/575857,0,19,42
1-1/d4d5c9,0,18,43
1-1/9ba19d,0,19,43
2-2/abadac,0,20,40
2-2/abadac,0,22,40
2-2/616161,0,20,42
2-2/898788,0,22,42
1-1/afb5c7,0,16,44
1-1/737271,0,17,44
1-1/a0a5a9,0,16,45
1-1/abadac,0,17,45
2-2/adc3c0,0,18,44
1-1/05131d,0,16,46
1-1/adc3c0,0,17,46
1-1/05131d,0,16,47
1-1/3e3c39,0,17,47
1-1/616161,0,18,46
1-1/d4d5c9,0,19,46
1-1/adc3c0,0,18,47
1-1/d4d5c9,0,19,47
1-1/abadac,0,20,44
1-1/4d4c52,0,21,44
1-1/adc3c0,0,20,45
1-1/3e3c39,0,21,45
2-2/9c9c9c,0,22,44
1-1/adc3c0,0,20,46
1-1/05131d,0,21,46
1-1/adc3c0,0,20,47
1-1/05131d,0,21,47
2-2/abadac,0,22,46
2-2/abadac,0,24,40
2-2/abadac,0,26,40
2-2/898788,0,24,42
1-1/737271,0,26,42
1-1/898788,0,27,42
1-1/9c9c9c,0,26,43
1-1/5e5e5e,0,27,43
2-2/abadac,0,28,40
2-2/abadac,0,30,40
2-2/898788,0,28,42
2-2/898788,0,30,42
4-4/9c9c9c,0,24,44
2-2/a0a5a9,0,28,44
1-1/9c9c9c,0,30,44
1-1/4d4c52,0,31,44
1-1/737271,0,30,45
1-1/9c9c9c,0,31,45
1-1/adc3c0,0,28,46
1-1/737271,0,29,46
1-1/abadac,0,28,47
1-1/737271,0,29,47
2-2/898788,0,30,46
4-4/4d4c52,0,0,48
2-2/3e3c39,0,4,48
2-2/1b2a34,0,6,48
2-2/4d4c52,0,4,50
2-2/1b2a34,0,6,50
4-4/575857,0,0,52
2-2/5e5e5e,0,4,52
2-2/3e3c39,0,6,52
1-1/5e5e5e,0,4,54
1-1/1b2a34,0,5,54
1-1/0a1327,0,4,55
1-1/0a1327,0,5,55
2-2/1b2a34,0,6,54
8-8/0a1327,0,8,48
8-8/1b2a34,0,0,56
4-4/0a1327,0,8,56
4-4/05131d,0,12,56
4-4/0a1327,0,8,60
2-2/0a1327,0,12,60
1-1/05131d,0,14,60
1-1/3e3c39,0,15,60
1-1/3e3c39,0,14,61
1-1/575857,0,15,61
1-1/05131d,0,12,62
1-1/1b2a34,0,13,62
1-1/1b2a34,0,12,63
1-1/575857,0,13,63
2-2/616161,0,14,62
2-2/05131d,0,16,48
1-1/adc3c0,0,18,48
1-1/898788,0,19,48
1-1/05131d,0,18,49
1-1/898788,0,19,49
2-2/05131d,0,16,50
2-2/0a1327,0,18,50
1-1/adc3c0,0,20,48
1-1/1b2a34,0,21,48
1-1/abadac,0,20,49
1-1/9c9c9c,0,21,49
1-1/abadac,0,22,48
1-1/adc3c0,0,23,48
1-1/1b2a34,0,22,49
1-1/abadac,0,23,49
1-1/737271,0,20,50
1-1/adc3c0,0,21,50
1-1/1b2a34,0,20,51
1-1/898788,0,21,51
1-1/05131d,0,22,50
1-1/898788,0,23,50
1-1/d4d5c9,0,22,51
1-1/05131d,0,23,51
4-4/05131d,0,16,52
2-2/05131d,0,20,52
1-1/898788,0,22,52
1-1/a0a5a9,0,23,52
1-1/05131d,0,22,53
1-1/737271,0,23,53
1-1/05131d,0,20,54
1-1/05131d,0,21,54
1-1/3e3c39,0,20,55
1-1/1b2a34,0,21,55
1-1/05131d,0,22,54
1-1/05131d,0,23,54
1-1/9c9c9c,0,22,55
1-1/575857,0,23,55
4-4/9ba19d,0,24,48
2-2/898788,0,28,48
2-2/abadac,0,30,48
2-2/adc3c0,0,28,50
2-2/adc3c0,0,30,50
1-1/1b2a34,0,24,52
1-1/1b2a34,0,25,52
1-1/9c9c9c,0,24,53
1-1/adc3c0,0,25,53
2-2/d4d5c9,0,26,52
1-1/1b2a34,0,24,54
1-1/6c6e68,0,25,54
1-1/05131d,0,24,55
1-1/1b2a34,0,25,55
2-2/abadac,0,26,54
2-2/adc3c0,0,28,52
2-2/d4d5c9,0,30,52
1-1/9c9c9c,0,28,54
1-1/9c9c9c,0,29,54
1-1/abadac,0,28,55
1-1/05131d,0,29,55
1-1/4d4c52,0,30,54
1-1/1b2a34,0,31,54
1-1/05131d,0,30,55
1-1/0a1327,0,31,55
2-2/05131d,0,16,56
2-2/1b2a34,0,18,56
2-2/1b2a34,0,16,58
2-2/5e5e5e,0,18,58
1-1/575857,0,20,56
1-1/05131d,0,21,56
1-1/3e3c39,0,20,57
1-1/f4f4f4,0,21,57
1-1/d9d9d9,0,22,56
1-1/d4d5c9,0,23,56
1-1/1b2a34,0,22,57
1-1/575857,0,23,57
1-1/3e3c39,0,20,58
1-1/1b2a34,0,21,58
1-1/4d4c52,0,20,59
1-1/6c6e68,0,21,59
1-1/6c6e68,0,22,58
1-1/575857,0,23,58
1-1/3e3c39,0,22,59
1-1/0a1327,0,23,59
2-2/575857,0,16,60
1-1/5e5e5e,0,18,60
1-1/0a1327,0,19,60
1-1/1b2a34,0,18,61
1-1/1b2a34,0,19,61
1-1/616161,0,16,62
1-1/0a1327,0,17,62
1-1/1b2a34,0,16,63
1-1/1b2a34,0,17,63
2-2/0a1327,0,18,62
4-4/0a1327,0,20,60
2-2/3e3c39,0,24,56
1-1/abadac,0,26,56
1-1/05131d,0,27,56
1-1/05131d,0,26,57
1-1/05131d,0,27,57
2-2/0a1327,0,24,58
2-2/0a1327,0,26,58
4-4/0a1327,0,28,56
4-4/05131d,0,24,60
4-4/05131d,0,28,60
8-8/adc3c0,0,32,32
4-4/a0a5a9,0,40,32
4-4/898788,0,44,32
2-2/abadac,0,40,36
2-2/9c9c9c,0,42,36
2-2/adc3c0,0,40,38
2-2/898788,0,42,38
4-4/898788,0,44,36
2-2/adc3c0,0,32,40
2-2/abadac,0,34,40
1-1/9c9c9c,0,32,42
1-1/a0a5a9,0,33,42
1-1/4d4c52,0,32,43
1-1/616161,0,33,43
2-2/a0a5a9,0,34,42
4-4/abadac,0,36,40
1-1/898788,0,32,44
1-1/898788,0,33,44
1-1/9c9c9c,0,32,45
1-1/adc3c0,0,33,45
2-2/abadac,0,34,44
2-2/abadac,0,32,46
2-2/adc3c0,0,34,46
4-4/afb5c7,0,36,44
2-2/abadac,0,40,40
2-2/898788,0,42,40
2-2/abadac,0,40,42
2-2/9c9c9c,0,42,42
2-2/9c9c9c,0,44,40
1-1/898788,0,46,40
1-1/d9d9d9,0,47,40
1-1/737271,0,46,41
1-1/05131d,0,47,41
1-1/abadac,0,44,42
1-1/898788,0,45,42
1-1/abadac,0,44,43
1-1/898788,0,45,43
1-1/898788,0,46,42
1-1/4d4c52,0,47,42
1-1/4d4c52,0,46,43
1-1/05131d,0,47,43
2-2/abadac,0,40,44
1-1/6c6e68,0,42,44
1-1/adc3c0,0,43,44
1-1/d4d5c9,0,42,45
1-1/abadac,0,43,45
1-1/adc3c0,0,40,46
1-1/898788,0,41,46
1-1/898788,0,40,47
1-1/4d4c52,0,41,47
1-1/adc3c0,0,42,46
1-1/05131d,0,43,46
1-1/1b2a34,0,42,47
1-1/0a1327,0,43,47
1-1/a0a5a9,0,44,44
1-1/1b2a34,0,45,44
1-1/05131d,0,44,45
1-1/05131d,0,45,45
2-2/05131d,0,46,44
2-2/0a1327,0,44,46
2-2/0a1327,0,46,46
2-2/9c9c9c,0,48,32
2-2/9ba19d,0,50,32
1-1/9c9c9c,0,48,34
1-1/d4d5c9,0,49,34
1-1/abadac,0,48,35
1-1/d9d9d9,0,49,35
2-2/adc3c0,0,50,34
2-2/9c9c9c,0,52,32
1-1/6c6e68,0,54,32
1-1/9c9c9c,0,55,32
1-1/737271,0,54,33
1-1/abadac,0,55,33
1-1/898788,0,52,34
1-1/5e5e5e,0,53,34
1-1/abadac,0,52,35
1-1/adc3c0,0,53,35
1-1/9c9c9c,0,54,34
1-1/4d4c52,0,55,34
1-1/abadac,0,54,35
1-1/d4d5c9,0,55,35
1-1/9c9c9c,0,48,36
1-1/d4d5c9,0,49,36
1-1/adc3c0,0,48,37
1-1/d4d5c9,0,49,37
1-1/d4d5c9,0,50,36
1-1/d9d9d9,0,51,36
1-1/d9d9d9,0,50,37
1-1/9c9c9c,0,51,37
2-2/adc3c0,0,48,38
1-1/abadac,0,50,38
1-1/898788,0,51,38
1-1/737271,0,50,39
1-1/737271,0,51,39
1-1/898788,0,52,36
1-1/d4d5c9,0,53,36
1-1/d4d5c9,0,52,37
1-1/898788,0,53,37
2-2/d4d5c9,0,54,36
1-1/abadac,0,52,38
1-1/d4d5c9,0,53,38
1-1/898788,0,52,39
1-1/9ba19d,0,53,39
2-2/adc3c0,0,54,38
2-2/9c9c9c,0,56,32
2-2/9c9c9c,0,58,32
1-1/d4d5c9,0,56,34
1-1/adc3c0,0,57,34
1-1/898788,0,56,35
1-1/d4d5c9,0,57,35
2-2/abadac,0,58,34
1-1/3e3c39,0,60,32
1-1/4d4c52,0,61,32
1-1/9c9c9c,0,60,33
1-1/898788,0,61,33
2-2/1b2a34,0,62,32
1-1/898788,0,60,34
1-1/abadac,0,61,34
1-1/898788,0,60,35
1-1/adc3c0,0,61,35
1-1/3e3c39,0,62,34
1-1/3e3c39,0,63,34
1-1/898788,0,62,35
1-1/6c6e68,0,63,35
1-1/737271,0,56,36
1-1/e0e0e0,0,57,36
1-1/898788,0,56,37
1-1/e0e0e0,0,57,37
2-2/d4d5c9,0,58,36
1-1/898788,0,56,38
1-1/e6e3e0,0,57,38
1-1/d4d5c9,0,56,39
1-1/adc3c0,0,57,39
1-1/adc3c0,0,58,38
1-1/adc3c0,0,59,38
1-1/d9d9d9,0,58,39
1-1/9c9c9c,0,59,39
1-1/737271,0,60,36
1-1/a0a5a9,0,61,36
1-1/6c6e68,0,60,37
1-1/4d4c52,0,61,37
1-1/abadac,0,62,36
1-1/898788,0,63,36
1-1/898788,0,62,37
1-1/3e3c39,0,63,37
1-1/737271,0,60,38
1-1/9c9c9c,0,61,38
1-1/737271,0,60,39
1-1/abadac,0,61,39
1-1/9c9c9c,0,62,38
1-1/1b2a34,0,63,38
1-1/4d4c52,0,62,39
1-1/3e3c39,0,63,39
1-1/adc3c0,0,48,40
1-1/afb5c7,0,49,40
1-1/d4d5c9,0,48,41
1-1/4d4c52,0,49,41
1-1/9c9c9c,0,50,40
1-1/3e3c39,0,51,40
1-1/05131d,0,50,41
1-1/1b2a34,0,51,41
2-2/05131d,0,48,42
2-2/0a1327,0,50,42
1-1/3e3c39,0,52,40
1-1/adc3c0,0,53,40
1-1/1b2a34,0,52,41
1-1/4d4c52,0,53,41
2-2/a0a5a9,0,54,40
2-2/05131d,0,52,42
2-2/05131d,0,54,42
4-4/0a1327,0,48,44
4-4/0a1327,0,52,44
1-1/9c9c9c,0,56,40
1-1/737271,0,57,40
1-1/1b2a34,0,56,41
1-1/575857,0,57,41
1-1/adc3c0,0,58,40
1-1/abadac,0,59,40
1-1/616161,0,58,41
1-1/05131d,0,59,41
2-2/0a1327,0,56,42
2-2/0a1327,0,58,42
4-4/1b2a34,0,60,40
4-4/0a1327,0,56,44
2-2/0a1327,0,60,44
1-1/05131d,0,62,44
1-1/3e3c39,0,63,44
1-1/4d4c52,0,62,45
1-1/3e3c39,0,63,45
1-1/0a1327,0,60,46
1-1/3e3c39,0,61,46
1-1/575857,0,60,47
1-1/5e5e5e,0,61,47
1-1/4d4c52,0,62,46
1-1/616161,0,63,46
1-1/898788,0,62,47
1-1/898788,0,63,47
4-4/d4d5c9,0,32,48
1-1/d4d5c9,0,36,48
1-1/d4d5c9,0,37,48
1-1/9c9c9c,0,36,49
1-1/d4d5c9,0,37,49
1-1/d4d5c9,0,38,48
1-1/adc3c0,0,39,48
1-1/abadac,0,38,49
1-1/0a1327,0,39,49
1-1/d4d5c9,0,36,50
1-1/3e3c39,0,37,50
1-1/05131d,0,36,51
1-1/05131d,0,37,51
2-2/0a1327,0,38,50
1-1/d9d9d9,0,32,52
1-1/d4d5c9,0,33,52
1-1/1b2a34,0,32,53
1-1/1b2a34,0,33,53
2-2/0a1327,0,34,52
2-2/1b2a34,0,32,54
2-2/0a1327,0,34,54
4-4/0a1327,0,36,52
8-8/1b2a34,0,40,48
8-8/0a1327,0,32,56
4-4/1b2a34,0,40,56
4-4/1b2a34,0,44,56
4-4/1b2a34,0,40,60
2-2/3e3c39,0,44,60
1-1/575857,0,46,60
1-1/575857,0,47,60
1-1/737271,0,46,61
1-1/9ba19d,0,47,61
2-2/737271,0,44,62
2-2/616161,0,46,62
4-4/1b2a34,0,48,48
4-4/1b2a34,0,52,48
2-2/1b2a34,0,48,52
2-2/1b2a34,0,50,52
2-2/1b2a34,0,48,54
1-1/1b2a34,0,50,54
1-1/0a1327,0,51,54
1-1/05131d,0,50,55
1-1/737271,0,51,55
2-2/1b2a34,0,52,52
2-2/5e5e5e,0,54,52
1-1/3e3c39,0,52,54
1-1/737271,0,53,54
1-1/737271,0,52,55
1-1/616161,0,53,55
2-2/898788,0,54,54
2-2/1b2a34,0,56,48
1-1/05131d,0,58,48
1-1/575857,0,59,48
1-1/575857,0,58,49
1-1/616161,0,59,49
1-1/3e3c39,0,56,50
1-1/6c6e68,0,57,50
1-1/4d4c52,0,56,51
1-1/6c6e68,0,57,51
2-2/737271,0,58,50
4-4/6c6e68,0,60,48
1-1/737271,0,56,52
1-1/898788,0,57,52
1-1/6c6e68,0,56,53
1-1/9ba19d,0,57,53
2-2/616161,0,58,52
2-2/737271,0,56,54
2-2/898788,0,58,54
1-1/737271,0,60,52
1-1/9c9c9c,0,61,52
1-1/9c9c9c,0,60,53
1-1/616161,0,61,53
2-2/4d4c52,0,62,52
2-2/575857,0,60,54
2-2/3e3c39,0,62,54
1-1/1b2a34,0,48,56
1-1/1b2a34,0,49,56
1-1/1b2a34,0,48,57
1-1/575857,0,49,57
2-2/6c6e68,0,50,56
2-2/616161,0,48,58
1-1/6c6e68,0,50,58
1-1/737271,0,51,58
1-1/9c9c9c,0,50,59
1-1/737271,0,51,59
2-2/737271,0,52,56
2-2/616161,0,54,56
2-2/737271,0,52,58
1-1/737271,0,54,58
1-1/898788,0,55,58
1-1/575857,0,54,59
1-1/3e3c39,0,55,59
2-2/898788,0,48,60
1-1/9c9c9c,0,50,60
1-1/6c6e68,0,51,60
1-1/4d4c52,0,50,61
1-1/898788,0,51,61
2-2/6c6e68,0,48,62
2-2/6c6e68,0,50,62
2-2/737271,0,52,60
2-2/616161,0,54,60
1-1/898788,0,52,62
1-1/575857,0,53,62
1-1/737271,0,52,63
1-1/3e3c39,0,53,63
2-2/4d4c52,0,54,62
2-2/5e5e5e,0,56,56
2-2/6c6e68,0,58,56
1-1/9c9c9c,0,56,58
1-1/4d4c52,0,57,58
1-1/898788,0,56,59
1-1/737271,0,57,59
2-2/4d4c52,0,58,58
2-2/3e3c39,0,60,56
2-2/3e3c39,0,62,56
2-2/3e3c39,0,60,58
1-1/3e3c39,0,62,58
1-1/737271,0,63,58
1-1/5e5e5e,0,62,59
1-1/3e3c39,0,63,59
4-4/3e3c39,0,56,60
4-4/3e3c39,0,60,60
