44 99.30
16-16/5ac4da,0,0,0
16-16/5ac4da,0,16,0
16-16/5ac4da,0,0,16
16-16/5ac4da,0,16,16
16-16/5ac4da,0,32,0
16-16/5ac4da,0,32,16
16-16/f3cf9b,0,0,32
2-2/aeefec,0,16,32
2-2/aeefec,0,18,32
1-1/cfe2f7,0,16,34
1-1/fcfcfc,0,17,34
1-1/f3c988,0,16,35
1-1/fcfcfc,0,17,35
2-2/cfe2f7,0,18,34
4-4/aeefec,0,20,32
4-4/f3c988,0,16,36
4-4/f3cf9b,0,20,36
4-4/aeefec,0,24,32
4-4/aeefec,0,28,32
4-4/f3c988,0,24,36
4-4/f3cf9b,0,28,36
8-8/f3c988,0,16,40
8-8/f3c988,0,24,40
2-2/cfe2f7,0,32,32
2-2/d9d9d9,0,34,32
1-1/fcfcfc,0,32,34
1-1/fcb76d,0,33,34
1-1/fcfcfc,0,32,35
1-1/fcb76d,0,33,35
2-2/fcb76d,0,34,34
2-2/e6e3e0,0,36,32
2-2/f2f3f2,0,38,32
2-2/ffcb78,0,36,34
2-2/f3c988,0,38,34
4-4/f3c988,0,32,36
4-4/f3c988,0,36,36
4-4/cfe2f7,0,40,32
4-4/aeefec,0,44,32
4-4/f3c988,0,40,36
1-1/fcb76d,0,44,36
1-1/fcfcfc,0,45,36
1-1/fcb76d,0,44,37
1-1/fcfcfc,0,45,37
1-1/cfe2f7,0,46,36
1-1/cfe2f7,0,47,36
1-1/fcb76d,0,46,37
1-1/fcfcfc,0,47,37
2-2/ffcb78,0,44,38
2-2/ffcb78,0,46,38
8-8/f3c988,0,32,40
8-8/f3c988,0,40,40