52 99.65
4-4/ae7a59,0,0,0
4-4/ae7a59,0,4,0
2-2/d09168,0,0,4
2-2/ae7a59,0,2,4
2-2/ae7a59,0,0,6
2-2/352100,0,2,6
2-2/ae7a59,0,4,4
2-2/ae7a59,0,6,4
2-2/352100,0,4,6
2-2/352100,0,6,6
4-4/ae7a59,0,8,0
4-4/b48455,0,12,0
2-2/ae7a59,0,8,4
2-2/ae7a59,0,10,4
2-2/352100,0,8,6
2-2/352100,0,10,6
2-2/bd7d85,0,12,4
2-2/b48455,0,14,4
2-2/352100,0,12,6
1-1/582a12,0,14,6
1-1/ae7a59,0,15,6
1-1/352100,0,14,7
1-1/ae7a59,0,15,7
2-2/bd7d85,0,0,8
2-2/fcfcfc,0,2,8
2-2/915c3c,0,0,10
2-2/ae7a59,0,2,10
2-2/237841,0,4,8
2-2/958a73,0,6,8
2-2/958a73,0,4,10
2-2/915c3c,0,6,10
4-4/aa7d55,0,0,12
4-4/915c3c,0,4,12
2-2/ae7a59,0,8,8
1-1/879867,0,10,8
1-1/237841,0,11,8
1-1/7c9051,0,10,9
1-1/008e3c,0,11,9
2-2/915c3c,0,8,10
2-2/aa7d55,0,10,10
1-1/5d5c36,0,12,8
1-1/fcfcfc,0,13,8
1-1/237841,0,12,9
1-1/ffffff,0,13,9
1-1/f4f4f4,0,14,8
1-1/bd7d85,0,15,8
1-1/fcfcfc,0,14,9
1-1/d09168,0,15,9
2-2/958a73,0,12,10
2-2/aa7d55,0,14,10
4-4/915c3c,0,8,12
4-4/aa7d55,0,12,12
