918 99.78
16-16/467083,0,0,0
8-8/5f7d8c,0,16,0
4-4/5f7d8c,0,24,0
4-4/5f7d8c,0,28,0
1-1/898788,0,24,4
1-1/737271,0,25,4
1-1/6d6e5c,0,24,5
1-1/b4a774,0,25,5
1-1/737271,0,26,4
1-1/5f7d8c,0,27,4
1-1/5c5030,0,26,5
1-1/737271,0,27,5
1-1/5c5030,0,24,6
1-1/d4d5c9,0,25,6
1-1/6b5a5a,0,24,7
1-1/bdc6ad,0,25,7
1-1/755945,0,26,6
1-1/737271,0,27,6
1-1/958a73,0,26,7
1-1/6d6e5c,0,27,7
4-4/5f7d8c,0,28,4
8-8/6e8aa6,0,16,8
1-1/958a73,0,24,8
1-1/6d6e5c,0,25,8
1-1/9c9c9c,0,24,9
1-1/9c9c9c,0,25,9
1-1/d4d5c9,0,26,8
1-1/958a73,0,27,8
1-1/dec69c,0,26,9
1-1/6d6e5c,0,27,9
1-1/6d6e5c,0,24,10
1-1/b4a774,0,25,10
1-1/737271,0,24,11
1-1/bd7d85,0,25,11
1-1/b4a774,0,26,10
1-1/abadac,0,27,10
1-1/cdc298,0,26,11
1-1/5c5030,0,27,11
1-1/907450,0,28,8
1-1/352100,0,29,8
1-1/5c5030,0,28,9
1-1/5c5030,0,29,9
1-1/4d4c52,0,30,8
1-1/6c6e68,0,31,8
1-1/3e3c39,0,30,9
1-1/958a73,0,31,9
1-1/57392c,0,28,10
1-1/6d6e5c,0,29,10
1-1/b4a774,0,28,11
1-1/6d6e5c,0,29,11
1-1/645a4c,0,30,10
1-1/6d6e5c,0,31,10
1-1/5e3f33,0,30,11
1-1/958a73,0,31,11
1-1/3e3c39,0,24,12
1-1/583927,0,25,12
1-1/6d6e5c,0,24,13
1-1/958a73,0,25,13
1-1/958a73,0,26,12
1-1/b4a774,0,27,12
1-1/755945,0,26,13
1-1/cdc298,0,27,13
1-1/9c9c9c,0,24,14
1-1/b4a774,0,25,14
1-1/958a73,0,24,15
1-1/582a12,0,25,15
1-1/907450,0,26,14
1-1/755945,0,27,14
1-1/b4a774,0,26,15
1-1/f6d7b3,0,27,15
1-1/755945,0,28,12
1-1/958a73,0,29,12
1-1/958a73,0,28,13
1-1/b4a774,0,29,13
1-1/907450,0,30,12
1-1/755945,0,31,12
1-1/b4a774,0,30,13
1-1/958a73,0,31,13
1-1/627a62,0,28,14
1-1/3e3c39,0,29,14
1-1/d4d5c9,0,28,15
1-1/b4a774,0,29,15
1-1/cdc298,0,30,14
1-1/907450,0,31,14
1-1/583927,0,30,15
1-1/cdc298,0,31,15
16-16/5f7d8c,0,0,16
8-8/6e8aa6,0,16,16
1-1/57392c,0,24,16
1-1/583927,0,25,16
1-1/b4a774,0,24,17
1-1/b4a774,0,25,17
1-1/755945,0,26,16
1-1/755945,0,27,16
1-1/b4a774,0,26,17
1-1/583927,0,27,17
2-2/5c5030,0,24,18
1-1/352100,0,26,18
1-1/5c5030,0,27,18
1-1/958a73,0,26,19
1-1/958a73,0,27,19
1-1/755945,0,28,16
1-1/b4a774,0,29,16
1-1/907450,0,28,17
1-1/b4a774,0,29,17
1-1/583927,0,30,16
1-1/cca373,0,31,16
1-1/907450,0,30,17
1-1/907450,0,31,17
1-1/cdc298,0,28,18
1-1/b4a774,0,29,18
1-1/dec69c,0,28,19
1-1/f6d7b3,0,29,19
1-1/dec69c,0,30,18
1-1/907450,0,31,18
1-1/e4cd9e,0,30,19
1-1/f2f3f2,0,31,19
1-1/4d4c52,0,24,20
1-1/958a73,0,25,20
1-1/645a4c,0,24,21
1-1/907450,0,25,21
2-2/907450,0,26,20
1-1/6d6e5c,0,24,22
1-1/6d6e5c,0,25,22
1-1/958a73,0,24,23
1-1/5c5030,0,25,23
1-1/755945,0,26,22
1-1/958a73,0,27,22
1-1/907450,0,26,23
1-1/5c5030,0,27,23
1-1/bdc6ad,0,28,20
1-1/755945,0,29,20
1-1/645a4c,0,28,21
1-1/d4d5c9,0,29,21
1-1/d4d5c9,0,30,20
1-1/bdc6ad,0,31,20
1-1/6d6e5c,0,30,21
1-1/6d6e5c,0,31,21
1-1/cdc298,0,28,22
1-1/5e3f33,0,29,22
1-1/583927,0,28,23
1-1/582a12,0,29,23
1-1/5d5c36,0,30,22
1-1/9ba19d,0,31,22
1-1/645a4c,0,30,23
1-1/57392c,0,31,23
4-4/6e8aa6,0,16,24
2-2/6e8aa6,0,20,24
1-1/6e8aa6,0,22,24
1-1/737271,0,23,24
1-1/6e8aa6,0,22,25
1-1/958a73,0,23,25
2-2/6e8aa6,0,20,26
1-1/6e8aa6,0,22,26
1-1/6b5a5a,0,23,26
1-1/6e8aa6,0,22,27
1-1/958a73,0,23,27
4-4/6e8aa6,0,16,28
2-2/6e8aa6,0,20,28
1-1/6e8aa6,0,22,28
1-1/575857,0,23,28
1-1/5f7d8c,0,22,29
1-1/3e3c39,0,23,29
1-1/6e8aa6,0,20,30
1-1/5f7d8c,0,21,30
1-1/6e8aa6,0,20,31
1-1/595d60,0,21,31
2-2/3e3c39,0,22,30
1-1/958a73,0,24,24
1-1/5c5030,0,25,24
1-1/907450,0,24,25
1-1/b4a774,0,25,25
2-2/57392c,0,26,24
2-2/645a4c,0,24,26
1-1/cdc298,0,26,26
1-1/aa7d55,0,27,26
1-1/755945,0,26,27
1-1/907450,0,27,27
2-2/755945,0,28,24
1-1/755945,0,30,24
1-1/755945,0,31,24
1-1/958a73,0,30,25
1-1/352100,0,31,25
1-1/764d3b,0,28,26
1-1/907450,0,29,26
1-1/b4a774,0,28,27
1-1/764d3b,0,29,27
1-1/352100,0,30,26
1-1/57392c,0,31,26
1-1/583927,0,30,27
1-1/aa7d55,0,31,27
1-1/958a73,0,24,28
1-1/57392c,0,25,28
1-1/907450,0,24,29
1-1/907450,0,25,29
2-2/5e3f33,0,26,28
2-2/6d6e5c,0,24,30
1-1/755945,0,26,30
1-1/958a73,0,27,30
1-1/5c5030,0,26,31
1-1/755945,0,27,31
1-1/755945,0,28,28
1-1/755945,0,29,28
1-1/352100,0,28,29
1-1/5c5030,0,29,29
1-1/aa7d55,0,30,28
1-1/b4a774,0,31,28
1-1/755945,0,30,29
1-1/764d3b,0,31,29
2-2/755945,0,28,30
1-1/583927,0,30,30
1-1/5c5030,0,31,30
1-1/755945,0,30,31
1-1/755945,0,31,31
8-8/5f7d8c,0,32,0
8-8/5f7d8c,0,40,0
1-1/737271,0,32,8
1-1/616161,0,33,8
1-1/4d4c52,0,32,9
1-1/1b2a34,0,33,9
2-2/645a4c,0,34,8
1-1/5c5030,0,32,10
1-1/352100,0,33,10
1-1/958a73,0,32,11
1-1/583927,0,33,11
2-2/6d6e5c,0,34,10
1-1/57392c,0,36,8
1-1/958a73,0,37,8
1-1/755945,0,36,9
1-1/958a73,0,37,9
1-1/9c9c9c,0,38,8
1-1/6b5a5a,0,39,8
1-1/958a73,0,38,9
1-1/645a4c,0,39,9
1-1/958a73,0,36,10
1-1/cdc298,0,37,10
1-1/958a73,0,36,11
1-1/755945,0,37,11
1-1/907450,0,38,10
1-1/755945,0,39,10
1-1/b4a774,0,38,11
1-1/755945,0,39,11
2-2/755945,0,32,12
1-1/583927,0,34,12
1-1/958a73,0,35,12
1-1/755945,0,34,13
1-1/b4a774,0,35,13
1-1/958a73,0,32,14
1-1/645a4c,0,33,14
1-1/6d6e5c,0,32,15
1-1/958a73,0,33,15
1-1/635f52,0,34,14
1-1/4d4c52,0,35,14
1-1/5c5030,0,34,15
1-1/879867,0,35,15
1-1/645a4c,0,36,12
1-1/958a73,0,37,12
1-1/958a73,0,36,13
1-1/958a73,0,37,13
1-1/907450,0,38,12
1-1/352100,0,39,12
1-1/755945,0,38,13
1-1/5d5c36,0,39,13
1-1/5c5030,0,36,14
1-1/645a4c,0,37,14
1-1/958a73,0,36,15
1-1/cdc298,0,37,15
2-2/755945,0,38,14
1-1/645a4c,0,40,8
1-1/6e8aa6,0,41,8
1-1/898788,0,40,9
1-1/6e8aa6,0,41,9
2-2/6e8aa6,0,42,8
1-1/3e3c39,0,40,10
1-1/6e8aa6,0,41,10
1-1/616161,0,40,11
1-1/6e8aa6,0,41,11
2-2/6e8aa6,0,42,10
4-4/6e8aa6,0,44,8
1-1/595d60,0,40,12
1-1/6e8aa6,0,41,12
1-1/3e3c39,0,40,13
1-1/6e8aa6,0,41,13
2-2/6e8aa6,0,42,12
1-1/3e3c39,0,40,14
1-1/6e8aa6,0,41,14
1-1/3e3c39,0,40,15
1-1/6e8aa6,0,41,15
2-2/6e8aa6,0,42,14
4-4/6e8aa6,0,44,12
16-16/467083,0,48,0
1-1/dcbc81,0,32,16
1-1/aa7d55,0,33,16
1-1/d09168,0,32,17
1-1/764d3b,0,33,17
1-1/582a12,0,34,16
1-1/907450,0,35,16
1-1/5c5030,0,34,17
1-1/907450,0,35,17
1-1/ae7a59,0,32,18
1-1/7c503a,0,33,18
1-1/582a12,0,32,19
1-1/e6e3da,0,33,19
1-1/958a73,0,34,18
1-1/907450,0,35,18
1-1/b4a774,0,34,19
1-1/b4a774,0,35,19
2-2/907450,0,36,16
2-2/3e3c39,0,38,16
1-1/5c5030,0,36,18
1-1/3e3c39,0,37,18
1-1/6d6e5c,0,36,19
1-1/3e3c39,0,37,19
2-2/3e3c39,0,38,18
1-1/3e3c39,0,32,20
1-1/9c9c9c,0,33,20
1-1/635f52,0,32,21
1-1/616161,0,33,21
1-1/737271,0,34,20
1-1/645a4c,0,35,20
1-1/6d6e5c,0,34,21
1-1/958a73,0,35,21
1-1/958a73,0,32,22
1-1/898788,0,33,22
1-1/3e3c39,0,32,23
1-1/352100,0,33,23
1-1/5c5030,0,34,22
1-1/3e3c39,0,35,22
1-1/352100,0,34,23
1-1/352100,0,35,23
1-1/907450,0,36,20
1-1/3e3c39,0,37,20
1-1/9c9c9c,0,36,21
1-1/3e3c39,0,37,21
1-1/635f52,0,38,20
1-1/3e3c39,0,39,20
1-1/9c9c9c,0,38,21
1-1/4d4c52,0,39,21
1-1/4d4c52,0,36,22
1-1/958a73,0,37,22
1-1/645a4c,0,36,23
1-1/352100,0,37,23
1-1/737271,0,38,22
1-1/3e3c39,0,39,22
1-1/3e3c39,0,38,23
1-1/3e3c39,0,39,23
1-1/3e3c39,0,40,16
1-1/6e8aa6,0,41,16
1-1/4d4c52,0,40,17
1-1/6e8aa6,0,41,17
2-2/6e8aa6,0,42,16
1-1/1b2a34,0,40,18
1-1/6e8aa6,0,41,18
1-1/4d4c52,0,40,19
1-1/6e8aa6,0,41,19
2-2/6e8aa6,0,42,18
4-4/6e8aa6,0,44,16
1-1/595d60,0,40,20
1-1/6e8aa6,0,41,20
1-1/737271,0,40,21
1-1/6e8aa6,0,41,21
2-2/6e8aa6,0,42,20
1-1/4d4c52,0,40,22
1-1/6e8aa6,0,41,22
1-1/3e3c39,0,40,23
1-1/7988a1,0,41,23
2-2/6c96bf,0,42,22
4-4/6e8aa6,0,44,20
2-2/5c5030,0,32,24
2-2/352100,0,34,24
2-2/755945,0,32,26
2-2/57392c,0,34,26
2-2/3e3c39,0,36,24
1-1/6b5a5a,0,38,24
1-1/352100,0,39,24
1-1/352100,0,38,25
1-1/5e3f33,0,39,25
1-1/352100,0,36,26
1-1/352100,0,37,26
1-1/5d5c36,0,36,27
1-1/645a4c,0,37,27
2-2/5c5030,0,38,26
4-4/5c5030,0,32,28
2-2/57392c,0,36,28
1-1/5e3f33,0,38,28
1-1/582a12,0,39,28
1-1/645a4c,0,38,29
1-1/755945,0,39,29
1-1/583927,0,36,30
1-1/5d5c36,0,37,30
1-1/958a73,0,36,31
1-1/958a73,0,37,31
2-2/755945,0,38,30
1-1/5c5030,0,40,24
1-1/7988a1,0,41,24
1-1/57392c,0,40,25
1-1/5f7d8c,0,41,25
2-2/6e8aa6,0,42,24
1-1/5c5030,0,40,26
1-1/5f7d8c,0,41,26
1-1/582a12,0,40,27
1-1/5f7d8c,0,41,27
2-2/6e8aa6,0,42,26
4-4/6e8aa6,0,44,24
1-1/5c5030,0,40,28
1-1/6e8aa6,0,41,28
1-1/5d5c36,0,40,29
1-1/6e8aa6,0,41,29
2-2/6e8aa6,0,42,28
1-1/5c5030,0,40,30
1-1/6e8aa6,0,41,30
1-1/3e3c39,0,40,31
1-1/6e8aa6,0,41,31
2-2/6e8aa6,0,42,30
4-4/6e8aa6,0,44,28
16-16/5f7d8c,0,48,16
16-16/5f7d8c,0,0,32
4-4/6e8aa6,0,16,32
1-1/6e8aa6,0,20,32
1-1/6d6e5c,0,21,32
1-1/627a62,0,20,33
1-1/5e3f33,0,21,33
1-1/3e3c39,0,22,32
1-1/5c5030,0,23,32
1-1/3e3c39,0,22,33
1-1/635f52,0,23,33
1-1/6d6e5c,0,20,34
1-1/57392c,0,21,34
1-1/5d5c36,0,20,35
1-1/3e3c39,0,21,35
2-2/5c5030,0,22,34
2-2/6e8aa6,0,16,36
1-1/6e8aa6,0,18,36
1-1/467083,0,19,36
1-1/6e8aa6,0,18,37
1-1/595d60,0,19,37
2-2/6e8aa6,0,16,38
1-1/6e8aa6,0,18,38
1-1/4d4c52,0,19,38
1-1/6e8aa6,0,18,39
1-1/3e3c39,0,19,39
1-1/737271,0,20,36
1-1/3e3c39,0,21,36
1-1/645a4c,0,20,37
1-1/3e3c39,0,21,37
2-2/5e3f33,0,22,36
1-1/645a4c,0,20,38
1-1/352100,0,21,38
1-1/6d6e5c,0,20,39
1-1/3e3c39,0,21,39
2-2/1b2a34,0,22,38
4-4/907450,0,24,32
2-2/958a73,0,28,32
1-1/958a73,0,30,32
1-1/755945,0,31,32
1-1/583927,0,30,33
1-1/583927,0,31,33
2-2/5c5030,0,28,34
2-2/755945,0,30,34
1-1/57392c,0,24,36
1-1/737271,0,25,36
1-1/3e3c39,0,24,37
1-1/5e3f33,0,25,37
1-1/755945,0,26,36
1-1/5c5030,0,27,36
1-1/352100,0,26,37
1-1/3e3c39,0,27,37
2-2/5c5030,0,24,38
1-1/3e3c39,0,26,38
1-1/3e3c39,0,27,38
1-1/755945,0,26,39
1-1/958a73,0,27,39
2-2/57392c,0,28,36
1-1/352100,0,30,36
1-1/352100,0,31,36
1-1/352100,0,30,37
1-1/5c5030,0,31,37
1-1/5e3f33,0,28,38
1-1/57392c,0,29,38
1-1/907450,0,28,39
1-1/57392c,0,29,39
2-2/3e3c39,0,30,38
2-2/5f7d8c,0,16,40
1-1/5f7d8c,0,18,40
1-1/3e3c39,0,19,40
1-1/5f7d8c,0,18,41
1-1/3e3c39,0,19,41
2-2/5f7d8c,0,16,42
2-2/3e3c39,0,18,42
1-1/635f52,0,20,40
1-1/352100,0,21,40
1-1/5c5030,0,20,41
1-1/352100,0,21,41
1-1/0a1327,0,22,40
1-1/3e3c39,0,23,40
1-1/0a1327,0,22,41
1-1/4d4c52,0,23,41
1-1/5c5030,0,20,42
1-1/05131d,0,21,42
1-1/3e3c39,0,20,43
1-1/1b2a34,0,21,43
1-1/1b2a34,0,22,42
1-1/3e3c39,0,23,42
1-1/1b2a34,0,22,43
1-1/635f52,0,23,43
2-2/737271,0,16,44
2-2/3e3c39,0,18,44
2-2/616161,0,16,46
2-2/3e3c39,0,18,46
2-2/3e3c39,0,20,44
2-2/1b2a34,0,22,44
1-1/352100,0,20,46
1-1/3e3c39,0,21,46
1-1/3e3c39,0,20,47
1-1/635f52,0,21,47
2-2/3e3c39,0,22,46
1-1/3e3c39,0,24,40
1-1/645a4c,0,25,40
1-1/352100,0,24,41
1-1/1b2a34,0,25,41
1-1/645a4c,0,26,40
1-1/958a73,0,27,40
1-1/5c5030,0,26,41
1-1/57392c,0,27,41
1-1/1b2a34,0,24,42
1-1/352100,0,25,42
1-1/645a4c,0,24,43
1-1/6d6e5c,0,25,43
1-1/352100,0,26,42
1-1/4d4c52,0,27,42
1-1/3e3c39,0,26,43
1-1/05131d,0,27,43
2-2/5c5030,0,28,40
1-1/3e3c39,0,30,40
1-1/3e3c39,0,31,40
1-1/645a4c,0,30,41
1-1/635f52,0,31,41
2-2/3e3c39,0,28,42
1-1/583927,0,30,42
1-1/635f52,0,31,42
1-1/5d5c36,0,30,43
1-1/907450,0,31,43
1-1/5c5030,0,24,44
1-1/958a73,0,25,44
1-1/3e3c39,0,24,45
1-1/737271,0,25,45
2-2/5e3f33,0,26,44
1-1/3e3c39,0,24,46
1-1/737271,0,25,46
1-1/4d4c52,0,24,47
1-1/352100,0,25,47
1-1/3e3c39,0,26,46
1-1/3e3c39,0,27,46
1-1/05131d,0,26,47
1-1/05131d,0,27,47
1-1/645a4c,0,28,44
1-1/352100,0,29,44
1-1/3e3c39,0,28,45
1-1/5e3f33,0,29,45
2-2/645a4c,0,30,44
1-1/5c5030,0,28,46
1-1/6b5a5a,0,29,46
1-1/05131d,0,28,47
1-1/5c5030,0,29,47
2-2/645a4c,0,30,46
16-16/467083,0,0,48
2-2/4d4c52,0,16,48
2-2/3e3c39,0,18,48
2-2/4d4c52,0,16,50
2-2/3e3c39,0,18,50
4-4/3e3c39,0,20,48
1-1/595d60,0,16,52
1-1/3e3c39,0,17,52
1-1/467083,0,16,53
1-1/4d4c52,0,17,53
2-2/3e3c39,0,18,52
1-1/467083,0,16,54
1-1/1b2a34,0,17,54
1-1/467083,0,16,55
1-1/1b2a34,0,17,55
2-2/3e3c39,0,18,54
2-2/352100,0,20,52
2-2/3e3c39,0,22,52
2-2/57392c,0,20,54
2-2/5c5030,0,22,54
1-1/3e3c39,0,24,48
1-1/05131d,0,25,48
1-1/3e3c39,0,24,49
1-1/635f52,0,25,49
1-1/05131d,0,26,48
1-1/05131d,0,27,48
1-1/4d4c52,0,26,49
1-1/3e3c39,0,27,49
2-2/645a4c,0,24,50
2-2/3e3c39,0,26,50
2-2/352100,0,28,48
2-2/3e3c39,0,30,48
2-2/635f52,0,28,50
2-2/0a1327,0,30,50
2-2/5c5030,0,24,52
1-1/352100,0,26,52
1-1/645a4c,0,27,52
1-1/3e3c39,0,26,53
1-1/3e3c39,0,27,53
2-2/583927,0,24,54
1-1/05131d,0,26,54
1-1/3e3c39,0,27,54
1-1/4d4c52,0,26,55
1-1/3e3c39,0,27,55
2-2/645a4c,0,28,52
1-1/3e3c39,0,30,52
1-1/05131d,0,31,52
1-1/4d4c52,0,30,53
1-1/05131d,0,31,53
1-1/645a4c,0,28,54
1-1/5c5030,0,29,54
1-1/3e3c39,0,28,55
1-1/755945,0,29,55
1-1/645a4c,0,30,54
1-1/05131d,0,31,54
1-1/6d6e5c,0,30,55
1-1/05131d,0,31,55
1-1/467083,0,16,56
1-1/1b2a34,0,17,56
1-1/467083,0,16,57
1-1/184632,0,17,57
1-1/3e3c39,0,18,56
1-1/6d6e5c,0,19,56
1-1/3e3c39,0,18,57
1-1/3e3c39,0,19,57
2-2/467083,0,16,58
1-1/1b2a34,0,18,58
1-1/3e3c39,0,19,58
1-1/184632,0,18,59
1-1/05131d,0,19,59
2-2/755945,0,20,56
2-2/915c3c,0,22,56
1-1/4d4c52,0,20,58
1-1/3e3c39,0,21,58
1-1/05131d,0,20,59
1-1/5c5030,0,21,59
1-1/907450,0,22,58
1-1/5c5030,0,23,58
1-1/5d5c36,0,22,59
1-1/57392c,0,23,59
4-4/467083,0,16,60
1-1/1b2a34,0,20,60
1-1/352100,0,21,60
1-1/467083,0,20,61
1-1/467083,0,21,61
1-1/3e3c39,0,22,60
1-1/3e3c39,0,23,60
1-1/467083,0,22,61
1-1/467083,0,23,61
2-2/467083,0,20,62
2-2/467083,0,22,62
4-4/5e3f33,0,24,56
2-2/5c5030,0,28,56
1-1/6d6e5c,0,30,56
1-1/1b2a34,0,31,56
1-1/645a4c,0,30,57
1-1/352100,0,31,57
2-2/5e3f33,0,28,58
1-1/645a4c,0,30,58
1-1/352100,0,31,58
1-1/57392c,0,30,59
1-1/352100,0,31,59
1-1/1b2a34,0,24,60
1-1/05131d,0,25,60
1-1/467083,0,24,61
1-1/354e5a,0,25,61
2-2/3e3c39,0,26,60
2-2/467083,0,24,62
1-1/354e5a,0,26,62
1-1/05131d,0,27,62
1-1/467083,0,26,63
1-1/467083,0,27,63
2-2/352100,0,28,60
1-1/5e3f33,0,30,60
1-1/3e3c39,0,31,60
1-1/352100,0,30,61
1-1/05131d,0,31,61
1-1/0a1327,0,28,62
1-1/05131d,0,29,62
1-1/467083,0,28,63
1-1/467083,0,29,63
1-1/0a1327,0,30,62
1-1/354e5a,0,31,62
1-1/467083,0,30,63
1-1/467083,0,31,63
1-1/755945,0,32,32
1-1/907450,0,33,32
1-1/5c5030,0,32,33
1-1/958a73,0,33,33
1-1/907450,0,34,32
1-1/755945,0,35,32
1-1/958a73,0,34,33
1-1/755945,0,35,33
1-1/755945,0,32,34
1-1/583927,0,33,34
1-1/352100,0,32,35
1-1/352100,0,33,35
1-1/583927,0,34,34
1-1/6d6e5c,0,35,34
1-1/5c5030,0,34,35
1-1/352100,0,35,35
1-1/958a73,0,36,32
1-1/583927,0,37,32
1-1/6d6e5c,0,36,33
1-1/6d6e5c,0,37,33
2-2/645a4c,0,38,32
2-2/5c5030,0,36,34
2-2/5c5030,0,38,34
2-2/5e3f33,0,32,36
2-2/3e3c39,0,34,36
2-2/3e3c39,0,32,38
1-1/3e3c39,0,34,38
1-1/352100,0,35,38
1-1/6c6e68,0,34,39
1-1/3e3c39,0,35,39
1-1/635f52,0,36,36
1-1/352100,0,37,36
1-1/352100,0,36,37
1-1/4d4c52,0,37,37
2-2/3e3c39,0,38,36
1-1/3e3c39,0,36,38
1-1/3e3c39,0,37,38
1-1/352100,0,36,39
1-1/645a4c,0,37,39
1-1/3e3c39,0,38,38
1-1/645a4c,0,39,38
1-1/6d6e5c,0,38,39
1-1/6b5a5a,0,39,39
1-1/3e3c39,0,40,32
1-1/7988a1,0,41,32
1-1/3e3c39,0,40,33
1-1/7988a1,0,41,33
2-2/6e8aa6,0,42,32
1-1/3e3c39,0,40,34
1-1/737271,0,41,34
1-1/3e3c39,0,40,35
1-1/595d60,0,41,35
2-2/6e8aa6,0,42,34
4-4/6e8aa6,0,44,32
2-2/3e3c39,0,40,36
2-2/6e8aa6,0,42,36
2-2/3e3c39,0,40,38
1-1/5f7d8c,0,42,38
1-1/6e8aa6,0,43,38
1-1/595d60,0,42,39
1-1/6e8aa6,0,43,39
4-4/6e8aa6,0,44,36
4-4/5c5030,0,32,40
4-4/3e3c39,0,36,40
2-2/5d5c36,0,32,44
2-2/5d5c36,0,34,44
1-1/635f52,0,32,46
1-1/352100,0,33,46
1-1/635f52,0,32,47
1-1/3e3c39,0,33,47
1-1/3e3c39,0,34,46
1-1/3e3c39,0,35,46
1-1/575857,0,34,47
1-1/05131d,0,35,47
2-2/3e3c39,0,36,44
2-2/4d4c52,0,38,44
1-1/4d4c52,0,36,46
1-1/352100,0,37,46
1-1/05131d,0,36,47
1-1/05131d,0,37,47
2-2/1b2a34,0,38,46
2-2/1b2a34,0,40,40
1-1/3e3c39,0,42,40
1-1/6e8aa6,0,43,40
1-1/3e3c39,0,42,41
1-1/5f7d8c,0,43,41
2-2/0a1327,0,40,42
2-2/3e3c39,0,42,42
4-4/6e8aa6,0,44,40
4-4/1b2a34,0,40,44
1-1/575857,0,44,44
1-1/6e8aa6,0,45,44
1-1/3e3c39,0,44,45
1-1/6e8aa6,0,45,45
2-2/6e8aa6,0,46,44
1-1/3e3c39,0,44,46
1-1/5f7d8c,0,45,46
1-1/3e3c39,0,44,47
1-1/5f7d8c,0,45,47
2-2/5f7d8c,0,46,46
16-16/5f7d8c,0,48,32
2-2/3e3c39,0,32,48
1-1/4d4c52,0,34,48
1-1/05131d,0,35,48
1-1/3e3c39,0,34,49
1-1/05131d,0,35,49
2-2/0a1327,0,32,50
1-1/1b2a34,0,34,50
1-1/6d6e5c,0,35,50
1-1/3e3c39,0,34,51
1-1/907450,0,35,51
1-1/05131d,0,36,48
1-1/05131d,0,37,48
1-1/3e3c39,0,36,49
1-1/3e3c39,0,37,49
1-1/05131d,0,38,48
1-1/4d4c52,0,39,48
1-1/645a4c,0,38,49
1-1/05131d,0,39,49
2-2/5c5030,0,36,50
2-2/3e3c39,0,38,50
2-2/05131d,0,32,52
1-1/3e3c39,0,34,52
1-1/907450,0,35,52
1-1/3e3c39,0,34,53
1-1/583927,0,35,53
2-2/1b2a34,0,32,54
1-1/3e3c39,0,34,54
1-1/755945,0,35,54
1-1/5c5030,0,34,55
1-1/907450,0,35,55
1-1/645a4c,0,36,52
1-1/6d6e5c,0,37,52
1-1/5c5030,0,36,53
1-1/352100,0,37,53
2-2/3e3c39,0,38,52
2-2/5c5030,0,36,54
2-2/352100,0,38,54
4-4/1b2a34,0,40,48
1-1/1b2a34,0,44,48
1-1/5f7d8c,0,45,48
1-1/3e3c39,0,44,49
1-1/5f7d8c,0,45,49
2-2/5f7d8c,0,46,48
1-1/1b2a34,0,44,50
1-1/5f7d8c,0,45,50
1-1/3e3c39,0,44,51
1-1/5f7d8c,0,45,51
2-2/5f7d8c,0,46,50
4-4/3e3c39,0,40,52
4-4/467083,0,44,52
2-2/352100,0,32,56
2-2/755945,0,34,56
2-2/352100,0,32,58
2-2/755945,0,34,58
2-2/5d5c36,0,36,56
2-2/3e3c39,0,38,56
1-1/645a4c,0,36,58
1-1/352100,0,37,58
1-1/5c5030,0,36,59
1-1/5c5030,0,37,59
1-1/3e3c39,0,38,58
1-1/05131d,0,39,58
1-1/5d5c36,0,38,59
1-1/352100,0,39,59
1-1/05131d,0,32,60
1-1/05131d,0,33,60
1-1/0d4763,0,32,61
1-1/354e5a,0,33,61
1-1/5c5030,0,34,60
1-1/57392c,0,35,60
1-1/1b2a34,0,34,61
1-1/352100,0,35,61
2-2/467083,0,32,62
2-2/467083,0,34,62
2-2/352100,0,36,60
1-1/645a4c,0,38,60
1-1/57392c,0,39,60
1-1/05131d,0,38,61
1-1/3e3c39,0,39,61
1-1/1b2a34,0,36,62
1-1/1b2a34,0,37,62
1-1/467083,0,36,63
1-1/467083,0,37,63
1-1/1b2a34,0,38,62
1-1/354e5a,0,39,62
1-1/467083,0,38,63
1-1/467083,0,39,63
4-4/0a1327,0,40,56
4-4/05131d,0,44,56
1-1/3e3c39,0,40,60
1-1/05131d,0,41,60
1-1/05131d,0,40,61
1-1/0d4763,0,41,61
1-1/1b2a34,0,42,60
1-1/05131d,0,43,60
1-1/354e5a,0,42,61
1-1/354e5a,0,43,61
2-2/467083,0,40,62
2-2/467083,0,42,62
2-2/05131d,0,44,60
2-2/05131d,0,46,60
2-2/354e5a,0,44,62
2-2/354e5a,0,46,62
8-8/5f7d8c,0,48,48
8-8/467083,0,56,48
2-2/05131d,0,48,56
1-1/1b2a34,0,50,56
1-1/595d60,0,51,56
1-1/3e3c39,0,50,57
1-1/1b2a34,0,51,57
1-1/0a1327,0,48,58
1-1/1b2a34,0,49,58
1-1/3e3c39,0,48,59
1-1/05131d,0,49,59
1-1/3e3c39,0,50,58
1-1/05131d,0,51,58
1-1/05131d,0,50,59
1-1/05131d,0,51,59
1-1/467083,0,52,56
1-1/467083,0,53,56
1-1/184632,0,52,57
1-1/354e5a,0,53,57
2-2/467083,0,54,56
2-2/05131d,0,52,58
2-2/354e5a,0,54,58
2-2/05131d,0,48,60
2-2/05131d,0,50,60
2-2/354e5a,0,48,62
2-2/354e5a,0,50,62
2-2/05131d,0,52,60
2-2/354e5a,0,54,60
2-2/467083,0,52,62
2-2/467083,0,54,62
8-8/467083,0,56,56
