34 99.62
4-4/352100,0,0,0
4-4/352100,0,4,0
2-2/3e3c39,0,0,4
2-2/907450,0,2,4
2-2/cca373,0,0,6
2-2/d09168,0,2,6
4-4/bd7d85,0,4,4
4-4/352100,0,8,0
4-4/352100,0,12,0
4-4/d09168,0,8,4
2-2/aa7d55,0,12,4
2-2/352100,0,14,4
2-2/aa7d55,0,12,6
2-2/aa7d55,0,14,6
2-2/cca373,0,0,8
2-2/f2f3f2,0,2,8
2-2/907450,0,0,10
2-2/bd7d85,0,2,10
2-2/595d60,0,4,8
2-2/958a73,0,6,8
2-2/bd7d85,0,4,10
2-2/5e3f33,0,6,10
4-4/907450,0,0,12
4-4/582a12,0,4,12
2-2/b48455,0,8,8
2-2/4d4c52,0,10,8
2-2/583927,0,8,10
2-2/bd7d85,0,10,10
2-2/f4f4f4,0,12,8
2-2/b4a774,0,14,8
2-2/aa7d55,0,12,10
2-2/915c3c,0,14,10
4-4/582a12,0,8,12
4-4/915c3c,0,12,12
