238 99.65
8-8/1b2a34,0,0,0
8-8/05131d,0,8,0
8-8/3e3c39,0,0,8
2-2/05131d,0,8,8
1-1/755945,0,10,8
1-1/352100,0,11,8
1-1/05131d,0,10,9
1-1/3e3c39,0,11,9
2-2/3e3c39,0,8,10
1-1/3e3c39,0,10,10
1-1/05131d,0,11,10
1-1/4d4c52,0,10,11
1-1/05131d,0,11,11
2-2/05131d,0,12,8
2-2/05131d,0,14,8
1-1/583927,0,12,10
1-1/330000,0,13,10
1-1/645a4c,0,12,11
1-1/57392c,0,13,11
2-2/05131d,0,14,10
2-2/4d4c52,0,8,12
1-1/3e3c39,0,10,12
1-1/05131d,0,11,12
1-1/05131d,0,10,13
1-1/05131d,0,11,13
1-1/3e3c39,0,8,14
1-1/4d4c52,0,9,14
1-1/737271,0,8,15
1-1/4d4c52,0,9,15
1-1/4d4c52,0,10,14
1-1/0a1327,0,11,14
1-1/05131d,0,10,15
1-1/05131d,0,11,15
4-4/05131d,0,12,12
8-8/05131d,0,16,0
8-8/1b2a34,0,24,0
4-4/352100,0,16,8
2-2/582a12,0,20,8
1-1/352100,0,22,8
1-1/1b2a34,0,23,8
1-1/352100,0,22,9
1-1/6b5a5a,0,23,9
1-1/57392c,0,20,10
1-1/582a12,0,21,10
1-1/5e3f33,0,20,11
1-1/05131d,0,21,11
2-2/583927,0,22,10
4-4/352100,0,16,12
2-2/583927,0,20,12
1-1/57392c,0,22,12
1-1/737271,0,23,12
1-1/5e3f33,0,22,13
1-1/755945,0,23,13
2-2/583927,0,20,14
2-2/57392c,0,22,14
8-8/3e3c39,0,24,8
4-4/3e3c39,0,0,16
4-4/4d4c52,0,4,16
4-4/4d4c52,0,0,20
1-1/4d4c52,0,4,20
1-1/5e5e5e,0,5,20
1-1/4d4c52,0,4,21
1-1/05131d,0,5,21
1-1/595d60,0,6,20
1-1/05131d,0,7,20
1-1/0a1327,0,6,21
1-1/05131d,0,7,21
1-1/4d4c52,0,4,22
1-1/1b2a34,0,5,22
1-1/737271,0,4,23
1-1/1b2a34,0,5,23
1-1/898788,0,6,22
1-1/1b2a34,0,7,22
1-1/354e5a,0,6,23
1-1/1b2a34,0,7,23
1-1/737271,0,8,16
1-1/1b2a34,0,9,16
1-1/898788,0,8,17
1-1/3e3c39,0,9,17
2-2/05131d,0,10,16
1-1/616161,0,8,18
1-1/05131d,0,9,18
1-1/05131d,0,8,19
1-1/05131d,0,9,19
2-2/05131d,0,10,18
4-4/0a1327,0,12,16
1-1/0a1327,0,8,20
1-1/05131d,0,9,20
1-1/4d4c52,0,8,21
1-1/0a1327,0,9,21
1-1/05131d,0,10,20
1-1/1b2a34,0,11,20
1-1/354e5a,0,10,21
1-1/595d60,0,11,21
2-2/1b2a34,0,8,22
1-1/4d4c52,0,10,22
1-1/1b2a34,0,11,22
1-1/05131d,0,10,23
1-1/05131d,0,11,23
4-4/1b2a34,0,12,20
2-2/3e3c39,0,0,24
1-1/4d4c52,0,2,24
1-1/3e3c39,0,3,24
1-1/3e3c39,0,2,25
1-1/737271,0,3,25
1-1/1b2a34,0,0,26
1-1/3e3c39,0,1,26
1-1/3e3c39,0,0,27
1-1/abadac,0,1,27
1-1/3e3c39,0,2,26
1-1/737271,0,3,26
1-1/3e3c39,0,2,27
1-1/737271,0,3,27
1-1/898788,0,4,24
1-1/0a1327,0,5,24
1-1/9c9c9c,0,4,25
1-1/737271,0,5,25
1-1/3e3c39,0,6,24
1-1/3e3c39,0,7,24
1-1/6c6e68,0,6,25
1-1/3e3c39,0,7,25
1-1/4d4c52,0,4,26
1-1/575857,0,5,26
1-1/1b2a34,0,4,27
1-1/1b2a34,0,5,27
1-1/737271,0,6,26
1-1/354e5a,0,7,26
1-1/737271,0,6,27
1-1/4d4c52,0,7,27
2-2/3e3c39,0,0,28
1-1/3e3c39,0,2,28
1-1/898788,0,3,28
1-1/3e3c39,0,2,29
1-1/4d4c52,0,3,29
2-2/3e3c39,0,0,30
1-1/3e3c39,0,2,30
1-1/d4d5c9,0,3,30
1-1/3e3c39,0,2,31
1-1/9c9c9c,0,3,31
1-1/3e3c39,0,4,28
1-1/4d4c52,0,5,28
1-1/0a1327,0,4,29
1-1/595d60,0,5,29
1-1/737271,0,6,28
1-1/737271,0,7,28
1-1/898788,0,6,29
1-1/0a1327,0,7,29
1-1/3e3c39,0,4,30
1-1/737271,0,5,30
1-1/898788,0,4,31
1-1/4d4c52,0,5,31
1-1/737271,0,6,30
1-1/05131d,0,7,30
1-1/595d60,0,6,31
1-1/05131d,0,7,31
1-1/737271,0,8,24
1-1/05131d,0,9,24
1-1/05131d,0,8,25
1-1/3e3c39,0,9,25
1-1/0a1327,0,10,24
1-1/354e5a,0,11,24
1-1/05131d,0,10,25
1-1/0a1327,0,11,25
2-2/05131d,0,8,26
2-2/0a1327,0,10,26
4-4/1b2a34,0,12,24
4-4/0a1327,0,8,28
4-4/3e3c39,0,12,28
4-4/05131d,0,16,16
2-2/3e3c39,0,20,16
1-1/352100,0,22,16
1-1/4d4c52,0,23,16
1-1/352100,0,22,17
1-1/4d4c52,0,23,17
2-2/575857,0,20,18
2-2/575857,0,22,18
2-2/354e5a,0,16,20
1-1/354e5a,0,18,20
1-1/595d60,0,19,20
1-1/595d60,0,18,21
1-1/6074a1,0,19,21
2-2/354e5a,0,16,22
1-1/595d60,0,18,22
1-1/6e8aa6,0,19,22
1-1/595d60,0,18,23
1-1/4d4c52,0,19,23
1-1/05131d,0,20,20
1-1/595d60,0,21,20
1-1/354e5a,0,20,21
1-1/05131d,0,21,21
1-1/575857,0,22,20
1-1/4d4c52,0,23,20
1-1/1b2a34,0,22,21
1-1/575857,0,23,21
1-1/0a1327,0,20,22
1-1/3e3c39,0,21,22
1-1/467083,0,20,23
1-1/1b2a34,0,21,23
1-1/05131d,0,22,22
1-1/3e3c39,0,23,22
1-1/1b2a34,0,22,23
1-1/4d4c52,0,23,23
8-8/4d4c52,0,24,16
4-4/354e5a,0,16,24
1-1/7988a1,0,20,24
1-1/354e5a,0,21,24
1-1/7988a1,0,20,25
1-1/6e8aa6,0,21,25
1-1/354e5a,0,22,24
1-1/05131d,0,23,24
1-1/1b2a34,0,22,25
1-1/354e5a,0,23,25
2-2/467083,0,20,26
1-1/6e8aa6,0,22,26
1-1/1b2a34,0,23,26
1-1/467083,0,22,27
1-1/1b2a34,0,23,27
4-4/354e5a,0,16,28
4-4/467083,0,20,28
2-2/05131d,0,24,24
2-2/4d4c52,0,26,24
2-2/0a1327,0,24,26
1-1/4d4c52,0,26,26
1-1/4d4c52,0,27,26
1-1/05131d,0,26,27
1-1/3e3c39,0,27,27
4-4/4d4c52,0,28,24
1-1/898788,0,24,28
1-1/3e3c39,0,25,28
1-1/1b2a34,0,24,29
1-1/1b2a34,0,25,29
2-2/1b2a34,0,26,28
1-1/595d60,0,24,30
1-1/9c9c9c,0,25,30
1-1/354e5a,0,24,31
1-1/0a1327,0,25,31
2-2/05131d,0,26,30
4-4/4d4c52,0,28,28
